"Cell line 1"	"Cell line 2"	"Cell line 3"	"RMSE"	"Correlation"
"TCGA-02-0001"	0.030690700417872	0.135241299517445	0.834068000064682	295.558910704399	0.0878436429689155
"TCGA-02-0003"	-5.20036394097384e-18	0.142858813917804	0.857141186082196	418.632113766513	0.246811736311088
"TCGA-02-0004"	0.00629984006357883	0.993700159936422	-3.80204062521526e-16	1348.02872425833	0.543278792436514
"TCGA-02-0007"	-1.72806739743804e-19	0.572408739487127	0.427591260512872	700.89081647368	0.215570271917145
"TCGA-02-0009"	-1.36936894928259e-17	1	7.11522103965029e-17	525.061350470967	0.608101878898755
"TCGA-02-0011"	0.161589233801537	-5.29430719341596e-20	0.83841076619846	538.710666450248	-0.06570012114087
"TCGA-02-0015"	0.11513599739975	0.311739296645562	0.573124705954691	520.415686052597	0.606617123522027
"TCGA-02-0016"	0.449571084254594	1.11931121442751e-16	0.550428915745405	383.492493806164	0.718981595392913
"TCGA-02-0021"	-6.9834973090783e-16	1	1.34181340671271e-16	901.797147001463	0.869076457716762
"TCGA-02-0023"	0.218627632929256	-1.4533772107561e-16	0.781372367070744	294.872514833466	0.766338962654069
"TCGA-02-0024"	0	1	3.67102869782887e-20	2586.63743500829	-0.00563373412439529
"TCGA-02-0025"	1.24200367484015e-19	1	3.28440206425988e-19	407.821902572637	0.772232350021938
"TCGA-02-0027"	5.91348967198089e-19	1	-5.91351584472164e-19	987.619880798667	0.360660309320265
"TCGA-02-0033"	0.0578701653570573	0.487078274595457	0.455051560047486	471.600721514367	0.0684281781601611
"TCGA-02-0034"	0.0171942152306523	0.788160663214033	0.194645121555314	397.933157019515	0.221687351378628
"TCGA-02-0038"	0.103762350666803	0.449749793244673	0.446487856088524	480.687193167072	0.0894708072016512
"TCGA-02-0039"	-1.29928073066011e-18	0.716285620728325	0.283714379271673	620.72867479015	0.666868349321965
"TCGA-02-0043"	-5.20046684314842e-17	0.982511909751099	0.0174880902489009	621.593799035566	0.286347898241046
"TCGA-02-0046"	-4.33680868994202e-19	0.131463529562742	0.868536470437257	419.684496685661	0.152153940329516
"TCGA-02-0047"	0.131017191937432	0.152175886037503	0.716806922025066	539.102841034401	-0.0599376068717209
"TCGA-02-0048"	0.460721783921016	-5.40456093888299e-17	0.539278216078985	305.112233746028	0.726437924344163
"TCGA-02-0051"	1.64197342714018e-17	1	1.22837355970024e-18	710.033400053133	0.89340395387775
"TCGA-02-0052"	1.52426127729557e-18	0.904231214050716	0.0957687859492831	566.78267995027	0.249649795402651
"TCGA-02-0054"	0.147346345769408	-3.59885208913647e-18	0.852653654230591	477.695884996937	-0.0586274597867312
"TCGA-02-0057"	-2.47186685149623e-19	0.561085387083002	0.438914612916997	521.952362170479	0.280172991957334
"TCGA-02-0059"	0.0339369075379117	0.770785272173497	0.195277820288592	548.550316268623	0.564804035802273
"TCGA-02-0060"	-1.33131348645609e-18	0.902089702306067	0.0979102976939322	914.502432006748	0.258713944486743
"TCGA-02-0064"	0.0898285624925262	0.774036398160007	0.136135039347468	606.77775646013	0.64212685889128
"TCGA-02-0068"	0.138035825842324	0.268521872964929	0.593442301192747	582.555790773253	0.474699600671859
"TCGA-02-0069"	0.507665965176424	1.24236428157135e-17	0.492334034823575	265.93781769412	0.47412127313338
"TCGA-02-0070"	0.24070073680354	0.193730011113972	0.565569252082487	540.487365067417	0.50160502058049
"TCGA-02-0071"	0.184805342042657	0.285804083476161	0.529390574481179	403.635294017224	0.690260712852698
"TCGA-02-0074"	0.261810165097697	0.0753091753897936	0.662880659512509	261.401653760655	0.749416739589573
"TCGA-02-0075"	1.86459953471965e-18	0.771695902625824	0.228304097374164	526.29883059888	0.530503861537944
"TCGA-02-0079"	0.470608586153742	0.379723558868115	0.149667854978138	334.862719251029	0.357188313346003
"TCGA-02-0083"	0.159487891185551	-3.22730231711575e-16	0.840512108814449	319.401691130856	0.776910224159644
"TCGA-02-0085"	0.152348148980064	0.669901559462738	0.177750291557199	642.586717666673	0.37707389885382
"TCGA-02-0086"	1.56322513527018e-17	0.279666079187319	0.720333920812682	428.338518041841	0.70827587663156
"TCGA-02-0089"	0.271821814462794	0.499515318577409	0.228662866959797	421.963447304776	0.432577399534066
"TCGA-02-0099"	0.0386003867936913	0.291563767916767	0.669835845289542	582.9621817574	0.347280168106606
"TCGA-02-0102"	0.217995076871216	0.0618384373102293	0.720166485818563	532.248969951512	0.63832235450053
"TCGA-02-0106"	9.90233612149166e-17	0.96252116857133	0.0374788314286689	641.961311666564	0.759116162519091
"TCGA-02-0107"	0.129387245495748	0.593468184090677	0.277144570413575	707.98528079573	0.314307819328054
"TCGA-02-0111"	0.124128904005347	0.465159270697803	0.410711825296851	444.984819213576	0.4478567209457
"TCGA-02-0113"	0.0286613090564243	-2.20927955091954e-17	0.971338690943576	323.449245959535	0.541769857292393
"TCGA-02-0115"	0.167001579041864	0.0861363052708783	0.746862115687257	476.917695518746	0.572671386079225
"TCGA-02-0116"	2.18220611418765e-32	0.825650183416881	0.174349816583119	471.891484287637	0.520604436992394
"TCGA-02-0260"	0.118414345228528	-3.32661110682684e-17	0.881585654771473	234.939266257379	0.880942487875062
"TCGA-02-0266"	0.0829288014846993	0.451545287953288	0.465525910562013	429.01920960017	0.577681715306961
"TCGA-02-0269"	0.372759464252481	-1.22273631281252e-17	0.627240535747519	203.527377053421	0.840983480464999
"TCGA-02-0271"	-1.58419927869108e-17	0.257572084261418	0.742427915738583	362.27485606091	0.570359601495369
"TCGA-02-0281"	0.291838569649759	4.81249529360672e-16	0.70816143035024	281.741279504686	0.76113621658828
"TCGA-02-0285"	0.0713153138782877	0.204420872559699	0.724263813562015	316.927072069083	0.644293401803835
"TCGA-02-0289"	0.0403744567707185	-1.38057187559103e-16	0.959625543229281	413.593722849131	0.634024479048778
"TCGA-02-0290"	0.399769500207269	0.04957033363932	0.550660166153411	316.440616904914	0.719633147091073
"TCGA-02-0317"	0.252808002845025	1.7444693808996e-17	0.747191997154975	189.349257678626	0.816860962335966
"TCGA-02-0321"	0.251222401371816	0.0199871308132453	0.728790467814939	521.046993701728	0.485150573032003
"TCGA-02-0324"	0.852132467486954	0.0200925149450943	0.127775017567951	211.085052589468	0.762071096098501
"TCGA-02-0325"	0.158626589621322	0.0411749280203433	0.800198482358334	283.458313372586	0.59882386886367
"TCGA-02-0326"	0.446121763604232	0.0514669359422745	0.502411300453493	198.293432746344	0.611412113579291
"TCGA-02-0330"	0.163993716833053	0.0204186940578454	0.815587589109101	302.077531816736	0.473690935794678
"TCGA-02-0332"	0.611418454095973	0.0903780507123258	0.298203495191702	211.246590197834	0.705845717698035
"TCGA-02-0333"	0.349125808537395	2.73153882473844e-17	0.650874191462605	218.199387743503	0.719824931986534
"TCGA-02-0337"	0.00698536001385362	0.245890157810348	0.747124482175798	361.706347317357	0.353063596518849
"TCGA-02-0338"	0.093133963034375	-7.55441566279356e-18	0.906866036965624	221.50349845786	0.635663925281804
"TCGA-02-0339"	0.375482851239908	-4.65354780905894e-18	0.624517148760092	204.505723567314	0.726047433389641
"TCGA-02-0422"	0.0119157706430633	0.0276100593469231	0.960474170010015	397.253021629336	0.775135743550163
"TCGA-02-0430"	0.0503984582505905	0.134312059538709	0.815289482210701	265.304291280313	0.795818715440531
"TCGA-02-0439"	0.510905287186043	-1.93394201612515e-18	0.489094712813957	404.410127466922	0.696023143458967
"TCGA-02-0440"	0.200110608445503	-5.92156173447424e-20	0.7998893915545	327.581996504105	0.857223833675275
"TCGA-02-0446"	0.253512168389791	0.24282953678788	0.503658294822328	369.702178453334	0.636238081034582
"TCGA-02-0451"	0.286952320324752	0.0546886496309716	0.658359030044277	365.877948034316	0.412862341484253
"TCGA-02-0456"	-7.14208676791967e-19	0.937934472896906	0.0620655271030942	948.16538515631	0.741777277879107
"TCGA-02-2466"	0.36803829192034	-1.69867605054781e-18	0.631961708079662	254.451969519538	0.8077042718624
"TCGA-02-2470"	0.0343731529150624	0.186543899515033	0.779082947569905	482.687146540498	0.406182667238531
"TCGA-02-2485"	0.498060771946426	0.0366650709281578	0.465274157125417	452.745792374804	0.643281574571525
"TCGA-02-2486"	0.120188336325514	0.634531508018617	0.245280155655869	411.291503723731	0.348672369880653
"TCGA-06-0122"	0.0502156231603417	0.209086491403602	0.740697885436056	415.928528238289	0.700860947715072
"TCGA-06-0124"	-1.57994655552839e-16	0.555682152936797	0.444317847063205	465.876151292239	0.657237645285899
"TCGA-06-0125"	0.226197150775788	0.23508427893384	0.538718570290372	259.166674332654	0.758182431253388
"TCGA-06-0126"	0.412253814845001	1.14842312911629e-19	0.587746185154999	275.508800079856	0.79248974882526
"TCGA-06-0127"	0.405231753483366	8.60363633810644e-20	0.594768246516634	377.526263646866	0.650404888616456
"TCGA-06-0130"	-1.88143452051945e-17	1	-2.05503706588237e-15	691.794151963995	0.800202647902663
"TCGA-06-0132"	0.236879586989831	0.099569771562377	0.66355064144779	378.251288354024	0.531487774243908
"TCGA-06-0133"	0.226321130870961	5.58076543298171e-18	0.773678869129037	348.350688885365	0.464762034594552
"TCGA-06-0137"	0.2804205409012	0.130920839764585	0.588658619334214	197.407100661886	0.728068376918686
"TCGA-06-0138"	0.525085374255479	0.238470813067466	0.236443812677055	427.822614421681	0.561437406117955
"TCGA-06-0139"	0.0849274928859938	0.901184508336244	0.0138879987777617	500.065548787328	0.750771275997693
"TCGA-06-0141"	0.341228378779679	0.467032398948768	0.191739222271553	494.413959564174	0.504656949453507
"TCGA-06-0143"	0.0778459383591589	0.296807513129088	0.625346548511753	426.10667620716	0.719027353693362
"TCGA-06-0145"	0.155880058211508	1.63599810788892e-17	0.844119941788492	156.074361349261	0.768225976369395
"TCGA-06-0147"	0.0169810622020425	0.662104268182192	0.320914669615766	463.351411777861	0.549187084467802
"TCGA-06-0148"	0.00343208014161531	6.71910484528715e-17	0.996567919858384	285.386233734695	0.861249784763407
"TCGA-06-0149"	0.134022579671737	0.132607868850242	0.733369551478021	345.941243122571	0.651618849098133
"TCGA-06-0152"	0.301711587199698	0.324900393332716	0.373388019467584	373.238579646249	0.447374818000827
"TCGA-06-0154"	0.0530316745052636	0.500528691724621	0.446439633770114	491.210810314045	0.704314980095686
"TCGA-06-0155"	0.134682322812427	0.555778372893426	0.309539304294149	719.06408456579	0.419496707892705
"TCGA-06-0156"	0.395010216453587	0.25842502907537	0.346564754471042	411.840778647713	0.669252157975286
"TCGA-06-0157"	0.268399815989739	1.37821507401102e-18	0.731600184010261	348.86314384761	0.728645257795962
"TCGA-06-0158"	0.129805927507568	0.0232006983741343	0.846993374118298	450.936704405418	0.605146852305833
"TCGA-06-0162"	0.397054869896972	1.97330881592398e-18	0.602945130103027	314.599743625815	0.50240789649404
"TCGA-06-0164"	3.00993058671351e-19	0.21614394210813	0.78385605789187	548.395517671091	0.66641187271842
"TCGA-06-0166"	-1.520557335103e-19	0.177205565478087	0.822794434521913	407.560086389632	0.716840007815884
"TCGA-06-0168"	0.344901757224494	0.443989227097811	0.211109015677695	514.226321656276	0.507237324002737
"TCGA-06-0169"	0.268085308527487	0.242576603784781	0.489338087687732	317.961364214412	0.632708700051302
"TCGA-06-0171"	0.601994145056157	0.0614443133329749	0.336561541610868	261.835325558125	0.688688279339572
"TCGA-06-0173"	0.161027917590638	0.217147428436032	0.62182465397333	383.206154043024	0.532561449068863
"TCGA-06-0174"	0.0825560123915043	0.0115676266611719	0.905876360947323	314.637227148623	0.777128604408715
"TCGA-06-0175"	0.00930897920309941	-3.89966255181852e-19	0.9906910207969	430.624881950451	0.715339019572632
"TCGA-06-0176"	0.0309267108756943	0.969073289124305	-1.58699356061128e-16	763.533914779737	0.861491476509205
"TCGA-06-0177"	0.522540666644108	0.299838422116091	0.177620911239802	395.563961038594	0.395300622185158
"TCGA-06-0178"	0.245355827366522	1.37177204362685e-18	0.754644172633477	313.969218165975	0.584131058577266
"TCGA-06-0179"	0.322413783144372	0.0210695666573701	0.656516650198257	496.845804863234	0.479532191770644
"TCGA-06-0182"	0.397473484323997	0.119567483391507	0.482959032284496	174.717347193794	0.701727577438717
"TCGA-06-0184"	0.0379166864632599	0.0328998144645793	0.92918349907216	397.243376775526	0.716381512704331
"TCGA-06-0185"	0.342050921952077	5.39155530910185e-18	0.657949078047923	270.750387010729	0.72442167000521
"TCGA-06-0187"	0.102036126885567	0.352317850139121	0.545646022975314	386.690093707814	0.643672883196396
"TCGA-06-0188"	0.51985225009595	0.0969213634276299	0.38322638647642	324.722874249454	0.756977271351226
"TCGA-06-0189"	0.0250449057499293	0.914443621025481	0.0605114732245901	514.177451584312	0.571817333266476
"TCGA-06-0190"	0.00634594836731594	0.729754518881068	0.263899532751616	554.157031351752	0.611524115950281
"TCGA-06-0192"	0.0427670633301034	0.491315217557112	0.465917719112788	435.791990940965	0.752126452206338
"TCGA-06-0194"	0.0278122218641341	0.500799196795996	0.47138858133987	331.472427358366	0.676844201132879
"TCGA-06-0195"	0.180168890724395	2.36072462861592e-17	0.819831109275604	195.788428944779	0.631518791201613
"TCGA-06-0197"	0.142831161789744	0.610593829734744	0.246575008475512	322.53381442908	0.558631779657636
"TCGA-06-0201"	0.143714921017331	0.560801131114607	0.295483947868062	330.828472880527	0.590315025571981
"TCGA-06-0206"	0.0120561428768333	0.987943857123166	6.56471960429553e-17	592.058479322942	0.793395706382642
"TCGA-06-0208"	0.33366732602513	7.76339863769487e-18	0.66633267397487	437.548040621605	0.621657359036988
"TCGA-06-0210"	-1.33762127132043e-18	0.063824042945186	0.936175957054814	533.71231650106	0.801206010154234
"TCGA-06-0211"	0.239488656871112	-5.20716869546952e-17	0.760511343128893	275.066093864253	0.853190985938251
"TCGA-06-0213"	0.356001301319636	0.0222454884722959	0.621753210208066	233.182709187461	0.322481235864854
"TCGA-06-0214"	0.354262494501649	-1.40494027770784e-18	0.645737505498352	437.760752986935	0.637474404956158
"TCGA-06-0216"	0.288568769553966	0.101018138625582	0.610413091820451	212.665367190263	0.700192403124115
"TCGA-06-0219"	0.593894904329169	0.0850145720953698	0.321090523575461	264.162230896028	0.734727569502172
"TCGA-06-0221"	0.19301372712237	-2.46438258478294e-18	0.806986272877631	376.033845787683	0.480351842867706
"TCGA-06-0237"	0.399244200894175	0.0271275315751988	0.573628267530626	297.856232658571	0.687362230256942
"TCGA-06-0238"	0.471101866012986	0.00612801451689975	0.522770119470114	248.01478471813	0.589221553627352
"TCGA-06-0241"	0.649330365240813	-9.94059327650566e-20	0.350669634759187	226.891942880565	0.868145704695856
"TCGA-06-0394"	6.65960552245209e-19	0.0685778566982327	0.931422143301771	350.646141615176	0.777363517919617
"TCGA-06-0397"	0.0932367879526271	0.563070747887319	0.343692464160054	479.406878280663	0.510056318133984
"TCGA-06-0402"	0.103528378098217	0.00108307793259924	0.895388543969184	500.932119493887	0.724737560550926
"TCGA-06-0409"	0.363136425004777	0.636863574995223	0	654.870450132517	0.312344993165524
"TCGA-06-0410"	0.310804098877723	-7.39010530301419e-18	0.689195901122279	302.638908326001	0.798313102789187
"TCGA-06-0412"	0.0706773050214714	-4.00591116594995e-19	0.929322694978531	353.508249627382	0.741048398378249
"TCGA-06-0413"	0.329279122904188	-3.63220197498125e-15	0.670720877095815	370.523205520831	0.646127149095232
"TCGA-06-0414"	0.511785968342226	1.44403058189493e-34	0.488214031657774	314.58267448071	0.729262926084925
"TCGA-06-0644"	1.61118825703529e-17	0.554023465566148	0.445976534433851	925.721946259193	0.81592142151812
"TCGA-06-0645"	0.150893262311136	0.375911320864348	0.473195416824518	496.704124849471	0.449178963009717
"TCGA-06-0646"	0.524666635667696	0.252519777911186	0.222813586421118	314.341741460974	0.535646398152674
"TCGA-06-0648"	0.377517265998236	0	0.622482734001766	262.550906873037	0.81090083182544
"TCGA-06-0649"	0.154364685688973	0.514257875356712	0.331377438954315	541.409675075034	0.384842713811317
"TCGA-06-0650"	3.24133360606836e-20	0.45927004294376	0.54072995705624	757.033082694023	0.391762153248034
"TCGA-06-0686"	0.411885103453279	0.027651262351808	0.560463634194914	210.945521855265	0.659773801276558
"TCGA-06-0743"	0.235413382452741	-1.11071354811284e-17	0.764586617547259	261.281020312583	0.606038772842204
"TCGA-06-0744"	0.322456238986454	0.04044721483596	0.637096546177585	156.900792029256	0.759783409190584
"TCGA-06-0745"	0.30589982473231	-2.50279692939149e-18	0.694100175267691	238.742945763776	0.762690434733321
"TCGA-06-0747"	0.252127475153147	-1.30736627897093e-18	0.747872524846853	450.056648365093	0.667723985777123
"TCGA-06-0749"	0.435866684091529	-1.84467453569836e-18	0.564133315908471	392.771253156441	0.484925062619655
"TCGA-06-0750"	0.337949249557434	0.245496888750483	0.416553861692082	344.496210504838	0.628187135478689
"TCGA-06-0875"	0.68658667309229	-1.19573573080512e-16	0.313413326907711	262.604884974211	0.836587090332563
"TCGA-06-0876"	0.237577329768829	0.115943288584555	0.646479381646617	355.921433493309	0.682631419266646
"TCGA-06-0877"	0.0715009768839545	0.137721313826981	0.790777709289065	492.418836503891	0.584737457590118
"TCGA-06-0878"	0.0595471539000198	0.139198401411614	0.801254444688371	421.213496561802	0.61604512746992
"TCGA-06-0879"	0.0402138578184649	0.161758540336647	0.798027601844891	506.401794662088	0.684299174954227
"TCGA-06-0881"	0.0133834678697953	0.979840942359188	0.00677558977101685	564.204232931998	0.618745914404908
"TCGA-06-0882"	0.357697130355617	0.0189844911621232	0.62331837848226	536.854400204203	0.555678077200409
"TCGA-06-0939"	0.328631573426629	0.142996811543315	0.528371615030055	442.164571509037	0.222495590668288
"TCGA-06-1084"	0.0834660316010875	0.300706768581117	0.615827199817796	356.108009961512	0.545006622492018
"TCGA-06-1086"	0.0175956831763312	0.107034389766135	0.875369927057533	550.750458505429	0.116664625474356
"TCGA-06-1087"	0.45710580612777	0.54289419387223	-1.64687411034833e-18	493.278198670207	0.230209409648845
"TCGA-06-1800"	0.0495919447817604	0.95040805521824	1.85940928526179e-16	619.981867410512	0.47431515910097
"TCGA-06-1801"	0.507861861342737	0.062015410828033	0.43012272782923	283.18675626792	0.718276907459406
"TCGA-06-1802"	0.114283011327693	0.203736974795194	0.681980013877128	415.035777130892	0.555930595644655
"TCGA-06-1804"	0.826527544656874	3.16696877316437e-18	0.173472455343126	580.498521719883	0.562767651913594
"TCGA-06-2557"	0.353304298235992	0.082597238795889	0.56409846296812	325.320832394723	0.776233619861001
"TCGA-06-2558"	0.641204883129011	0.205656938366712	0.153138178504277	318.385369047483	0.753784603239872
"TCGA-06-2559"	0.154662489986054	0.127794260808443	0.717543249205508	407.275782587417	0.696940646602118
"TCGA-06-2561"	0.300755571600744	0.119856471153809	0.579387957245447	426.57542663446	0.639540632236258
"TCGA-06-2562"	0.140934997081359	0.38687758835503	0.472187414563611	522.448229000177	0.528184156215045
"TCGA-06-2563"	0.3700053912355	-1.09151181906956e-17	0.6299946087645	191.393903997269	0.834262892847362
"TCGA-06-2564"	0.335399274022428	0.0490085477109871	0.615592178266595	421.439782917647	0.737694768971903
"TCGA-06-2565"	0.110183216932453	0.0390086715162176	0.850808111551331	334.409775261063	0.695772461213317
"TCGA-06-2566"	0.466972572340498	0.0454693915292425	0.48755803613026	499.767725087996	0.711042341558258
"TCGA-06-2567"	0.384207133157799	-1.053926393809e-18	0.615792866842201	386.287392636932	0.495716245734377
"TCGA-06-2569"	0.0977781304292155	0.155732569813382	0.746489299757402	426.572005520899	0.120934175502081
"TCGA-06-5408"	0.016804028008567	-6.79065478410296e-17	0.983195971991436	619.988717534345	0.787997365822221
"TCGA-06-5410"	2.24559697424636e-18	0.612139857632003	0.387860142367998	574.118570383117	0.573936192385446
"TCGA-06-5411"	0.37670514839447	8.44841241348622e-20	0.62329485160553	496.097435982334	0.691522910884091
"TCGA-06-5412"	-4.38508245677644e-18	0.879514593926525	0.120485406073476	828.561231770374	0.331354800686667
"TCGA-06-5413"	0.234045550616217	0.260905816397775	0.505048632986008	498.505387850398	0.619256187087114
"TCGA-06-5414"	0.124959126931221	0.187260160371643	0.68778071269715	371.559648065401	0.587468896840926
"TCGA-06-5415"	0.48699158872109	1.53579473242542e-17	0.51300841127891	311.449061901445	0.753829303799282
"TCGA-06-5416"	0.222169688318611	0.0274747979160715	0.750355513765317	223.86056463078	0.745699842480693
"TCGA-06-5418"	0.248547179236801	0.0122105191336801	0.739242301629519	144.104607306337	0.863237934425076
"TCGA-06-5856"	0.137666266407482	0.133358994075645	0.728974739516872	530.940072602634	0.697226632541318
"TCGA-06-5858"	0.0111409575764426	-4.25916102358961e-19	0.988859042423558	369.515200878531	0.835456935820043
"TCGA-06-5859"	0.471686148737358	0.0957175836660573	0.432596267596585	716.241204231707	0.514238267491654
"TCGA-06-6390"	0.270920239827066	0.14613316322941	0.582946596943524	751.186736194872	0.478874822574782
"TCGA-06-6391"	0.489686675488808	1.65928306338279e-16	0.510313324511192	773.601216550941	0.628505515720595
"TCGA-08-0244"	0.154423789331541	0.02344242046489	0.822133790203569	357.275064400437	0.570304546308224
"TCGA-08-0245"	0.592887628406573	1.88674818442195e-17	0.407112371593426	249.71431712589	0.861016173921591
"TCGA-08-0246"	0.0500301154428841	0.383350829142587	0.566619055414528	514.887178951566	0.505256039952091
"TCGA-08-0345"	0.142025946750452	0.218347814739982	0.639626238509567	476.382210651937	0.629597822256857
"TCGA-08-0346"	0.0448953288810405	0.352671253264238	0.602433417854722	521.98404884167	0.522807205308689
"TCGA-08-0347"	0.257423567299638	0.168184590338612	0.57439184236175	604.562783960943	0.556900465194542
"TCGA-08-0348"	0.688996702155187	0.0630937415455295	0.247909556299283	307.611425471469	0.816755204474001
"TCGA-08-0349"	0.36843502706703	0.138370796188835	0.493194176744135	320.21911529819	0.588806256660722
"TCGA-08-0352"	0.0853693614425575	0.172791526117192	0.74183911244025	623.172412805398	0.462608844789378
"TCGA-08-0353"	0.309106922111357	-3.70428730933944e-19	0.690893077888645	292.243373495481	0.856919839565674
"TCGA-08-0354"	0.15485754909027	0.123816555936904	0.721325894972826	297.480790139704	0.75612371625197
"TCGA-08-0355"	0.613457161209073	9.47217324672343e-05	0.386448117058459	333.146698637516	0.659857612468006
"TCGA-08-0356"	0.0748433581287804	0.152371717673935	0.772784924197287	433.628871520581	0.58751957973882
"TCGA-08-0357"	0.295970434283379	1.9463483605057e-18	0.704029565716621	326.250189075809	0.598743571980695
"TCGA-08-0358"	0.484038210214346	2.93798473674538e-17	0.515961789785653	150.014818109301	0.850593653774861
"TCGA-08-0359"	0.34537759806395	0.383136684515006	0.271485717421043	392.465653433914	0.631469640683796
"TCGA-08-0360"	0.0510624540199813	0.758275546638441	0.190661999341578	538.884269822188	0.563953237495857
"TCGA-08-0373"	0.130466752531317	0.202744410159591	0.666788837309092	280.875564362453	0.511741801214925
"TCGA-08-0375"	0.39654658862865	1.18343458282725e-17	0.603453411371351	284.509210375714	0.873885954538108
"TCGA-08-0380"	0.348005543689802	0.0830831797258412	0.568911276584356	359.580659634812	0.45655367417965
"TCGA-08-0385"	0.366668579819795	8.38653163325852e-18	0.633331420180207	357.188811070114	0.8112023771692
"TCGA-08-0386"	0.216701972805949	0.046018442588495	0.737279584605556	374.838052119595	0.687375368521285
"TCGA-08-0389"	0.594384238604364	0.0192113480018741	0.386404413393762	439.556578956248	0.425012518360591
"TCGA-08-0390"	0.126027806689205	0.0865022633415456	0.787469929969249	536.487524826629	0.370288915531355
"TCGA-08-0392"	7.76568679550894e-17	0.725960748217937	0.274039251782063	705.548459390067	0.41306285133107
"TCGA-08-0509"	0.304041894868231	0.54382072597108	0.152137379160689	974.442789823324	0.261911104221716
"TCGA-08-0510"	0.0324334842639267	0.13002603734741	0.837540478388665	656.978416864407	0.576749450496682
"TCGA-08-0511"	0.100387283755408	-1.12723543655262e-16	0.899612716244593	460.925913194524	0.555935006174799
"TCGA-08-0512"	-5.45032329376112e-19	0.947150398068015	0.0528496019319846	766.521997794641	0.465301729284918
"TCGA-08-0514"	0.129718344638126	0.0273776729218955	0.842903982439977	647.183935511532	0.582372490413913
"TCGA-08-0516"	0.596065453062402	4.63697408603851e-18	0.403934546937598	565.636710405813	0.669843285291105
"TCGA-08-0518"	0.124020074471199	0.00267183650394128	0.87330808902486	350.097009484767	0.744891750552321
"TCGA-08-0520"	0.38705115818784	0.00752110585937921	0.605427735952781	239.15106615708	0.753032719849085
"TCGA-08-0521"	0.0221962126073734	0.160296418032272	0.817507369360374	491.590836949946	0.537291235255165
"TCGA-08-0522"	1.73472347597683e-18	0.685969966391835	0.314030033608165	689.661914187073	0.505520812388827
"TCGA-08-0524"	0.357112119303871	8.52521845067138e-19	0.642887880696129	195.313822740335	0.659510273487289
"TCGA-08-0525"	0.0273706640923038	0.100840537883593	0.871788798024103	448.670956778923	0.578245492710458
"TCGA-08-0529"	0.117795039312371	8.26577273625981e-19	0.88220496068764	343.862715273546	0.66327510690357
"TCGA-08-0531"	0.22767121194253	0.066547550162474	0.705781237894995	369.118048580273	0.643759088192777
"TCGA-12-0616"	0.646209564715598	0.0329002706276954	0.320890164656707	370.446551562737	0.427048918446374
"TCGA-12-0618"	0.361114905881206	0.0200857132897797	0.618799380829016	360.275171239578	0.818442383141029
"TCGA-12-0619"	0.211798300627387	0.536310413552662	0.25189128581995	408.727080962112	0.3780616888947
"TCGA-12-0620"	0.21692324705946	2.34152598962053e-17	0.78307675294054	375.01853605752	0.663919148171347
"TCGA-12-0654"	0.0994593197259838	0.27085548073263	0.629685199541387	303.483312811012	0.706446029918778
"TCGA-12-0656"	0.115008938828156	1.4621962481663e-17	0.884991061171843	321.838305620409	0.62744041728233
"TCGA-12-0657"	0.155675687068987	0.202091073581351	0.642233239349673	414.324295695645	0.693580052442443
"TCGA-12-0670"	0.430602224182914	-2.07407466131917e-18	0.569397775817085	389.725780929421	0.658042555449711
"TCGA-12-0688"	0.0607936883447768	0.00287732451785928	0.936328987137365	329.192536207235	0.797822613060894
"TCGA-12-0692"	0.258164657229529	0.112390750760786	0.629444592009685	363.236689009076	0.396621989830731
"TCGA-12-0703"	0.243097332519611	2.14643663909664e-19	0.756902667480389	346.022269831485	0.620084864830763
"TCGA-12-0707"	0.259725800694138	0.379214382170994	0.361059817134867	359.809268493919	0.611803297925725
"TCGA-12-0772"	0.0333992497749765	0.710702301156759	0.255898449068273	583.12660258025	0.604518311528584
"TCGA-12-0773"	0.250915477152866	0.123396949841756	0.625687573005378	228.302603497601	0.500690287200844
"TCGA-12-0775"	0.0994264122755898	0.530938287255324	0.369635300469088	483.41139373529	0.405125115251315
"TCGA-12-0776"	0.100720720798044	0.624728595310032	0.274550683891925	827.290343634881	0.441543985429931
"TCGA-12-0778"	0.0882241157511234	0.630369782658841	0.281406101590037	547.72499799275	0.503569371265974
"TCGA-12-0780"	0.390294657498685	-8.34699142142919e-18	0.609705342501315	216.331134541245	0.739985911323833
"TCGA-12-0819"	0.241677140344605	6.70679850438674e-17	0.758322859655396	489.025066363395	0.69913335405228
"TCGA-12-0820"	0.377082038056279	1.58608404816852e-16	0.622917961943721	408.900083935595	0.600200960649569
"TCGA-12-0821"	0.272572057898499	-1.96769029074797e-32	0.727427942101502	369.807194040504	0.68999377365252
"TCGA-12-0822"	0.107177030078912	0.192834014104694	0.699988955816395	454.991156352595	0.389926092076356
"TCGA-12-0826"	0.247345110126363	0.0582427183155172	0.69441217155812	476.898479607268	0.617580535692582
"TCGA-12-0827"	0.60725899903052	0.123225098261901	0.269515902707579	457.998557206906	0.543096091940954
"TCGA-12-0828"	0.403537525223066	0.192211732391864	0.40425074238507	413.05661838039	0.446198605587373
"TCGA-12-0829"	0.254678890200647	0.153325191051087	0.591995918748265	508.903425170643	0.506123948817239
"TCGA-12-1088"	0.450290215901561	0.217125760021583	0.332584024076856	336.030709385801	0.745519888631223
"TCGA-12-1089"	0.510627529433102	1.28054398612722e-17	0.489372470566898	204.370799811284	0.81191996431293
"TCGA-12-1090"	0.15385360643754	1.34225453576349e-17	0.846146393562461	356.628751502361	0.0952492506782536
"TCGA-12-1091"	0.329807234554791	0.00730688708379483	0.662885878361414	261.264576187281	0.848463434320728
"TCGA-12-1092"	0.313206785331554	0.237360920074772	0.449432294593674	397.842492325518	0.427238677410539
"TCGA-12-1093"	0.381796981747892	0.219966118800639	0.398236899451468	555.851848407533	0.508103155640944
"TCGA-12-1094"	0.202642552142548	0.138340225177713	0.659017222679741	541.691776885437	0.639295865104806
"TCGA-12-1095"	0.41079392564681	0.28813463530036	0.30107143905283	357.363237333253	0.620345335080611
"TCGA-12-1096"	0.438841917265345	0.122000677098595	0.439157405636059	361.237228279018	0.514111046739422
"TCGA-12-1097"	0.42463168162278	0.0547704826977334	0.520597835679487	420.515864284257	0.701287294217699
"TCGA-12-1098"	0.351981778615193	1.46219748591031e-17	0.648018221384805	308.630006281268	0.694517895192073
"TCGA-12-1099"	0.652664412206475	3.01300226292513e-19	0.347335587793525	310.888202449611	0.822402339898288
"TCGA-12-1597"	0.736457583008253	0.00701018153841691	0.25653223545333	377.061565329843	0.65502081318657
"TCGA-12-1598"	0.108270384606291	0.229949678854502	0.661779936539207	247.88911407551	0.522800269380549
"TCGA-12-1599"	0.216673720383445	0.288918481940879	0.494407797675676	378.476236207654	0.562334637354387
"TCGA-12-1600"	0.451224831851252	4.89106310218547e-18	0.548775168148748	193.412618791766	0.794169262890656
"TCGA-12-1602"	0.456791839637287	0.159753027442885	0.383455132919827	390.495380480863	0.488738680917651
"TCGA-12-3644"	0.309704424964483	0.129239839310877	0.56105573572464	265.643176837195	0.500206614826018
"TCGA-12-3646"	0.487270850104141	0.081393432512508	0.431335717383351	305.929280831907	0.719976128117561
"TCGA-12-3648"	0.151665713145786	1.74141595136343e-18	0.848334286854214	398.882363621094	0.816086591913156
"TCGA-12-3649"	0.405319497076188	1.43258710274717e-15	0.59468050292381	643.224489739272	0.556800984197535
"TCGA-12-3650"	0.136324388778649	1.08558767965649e-16	0.863675611221351	388.428344931079	0.854868585069774
"TCGA-12-3651"	0.729431201626439	0.0444504390067897	0.226118359366772	468.052732360951	0.618568314752041
"TCGA-12-3652"	0.146857674512561	4.6258774816788e-18	0.85314232548744	491.627559982738	0.749892204081285
"TCGA-12-3653"	0.579912943683747	-3.40333889783315e-17	0.420087056316253	429.232227789471	0.608014924407291
"TCGA-12-5295"	0.234557394076964	1.05609250045258e-17	0.765442605923037	234.76487841837	0.760249013752303
"TCGA-12-5299"	0.022059897717546	0.0530136365547704	0.924926465727684	280.155864753119	0.745915723823537
"TCGA-12-5301"	0.0381259611160323	0.0322736343457724	0.929600404538197	430.664937633374	0.525089024719103
"TCGA-14-0736"	0.211642049350151	0.104806296975577	0.683551653674273	585.842212483659	0.661533213649798
"TCGA-14-0781"	-2.55795828895143e-17	0.901959195987121	0.0980408040128792	1243.0809467041	0.25504813021552
"TCGA-14-0783"	0.0425413724710733	0.399062482846911	0.558396144682027	393.525065156314	0.70342813629189
"TCGA-14-0786"	0.173189058461668	0.00385169451568198	0.822959247022652	424.846271382807	0.742680435552948
"TCGA-14-0787"	0.124946097556642	-1.17220233022094e-17	0.875053902443359	334.64632897766	0.759468923963013
"TCGA-14-0789"	0.0111424045351199	0.624990876506977	0.363866718957905	629.80601268787	0.54231137720046
"TCGA-14-0790"	0.0586200733473435	2.00446559173045e-17	0.941379926652657	482.317851619262	0.66039654712801
"TCGA-14-0812"	0.302032471978588	2.69931283638127e-18	0.69796752802141	332.792644403911	0.498250794619555
"TCGA-14-0813"	0.187302989860219	0.139208626086676	0.673488384053105	445.590274086704	0.654427425327568
"TCGA-14-0817"	0.144661975613332	0.176898043917369	0.678439980469299	330.789523530039	0.678894049807821
"TCGA-14-0865"	0.562070912668063	-1.408510912589e-16	0.437929087331937	270.117750396437	0.802868482041586
"TCGA-14-0866"	0.478053461130572	0.123712620143739	0.39823391872569	273.361688559016	0.699520451750675
"TCGA-14-0867"	1.89386414670697e-19	0.392940242339962	0.60705975766004	464.867075777887	0.665998394424425
"TCGA-14-0871"	0.00922803328528711	0.964089515778746	0.0266824509359673	451.203558265278	0.810923951253292
"TCGA-14-1034"	0.229669411066923	0.319083668736306	0.45124692019677	424.141701883064	0.568811982613123
"TCGA-14-1037"	0.243487488732531	0.278803338630337	0.477709172637132	313.624911837247	0.665919001788269
"TCGA-14-1396"	0.0361641540341864	0.236046851694391	0.727788994271423	470.241190381891	0.79943229366567
"TCGA-14-1401"	0.632624963443546	0.0626309738562263	0.304744062700228	304.479672435406	0.784872297669152
"TCGA-14-1402"	0.159336815434274	0.0182089233434864	0.822454261222239	308.07970466906	0.691937341289175
"TCGA-14-1451"	0.166480412409483	0.559953371134761	0.273566216455757	694.954877854716	0.526804156563291
"TCGA-14-1452"	0.398582845863192	0.341056642892244	0.260360511244564	542.789117886061	0.706737092275859
"TCGA-14-1453"	0.213391359043569	2.61213193887427e-17	0.786608640956431	212.56285264847	0.864661978836341
"TCGA-14-1454"	0.742727357221246	0.0292607669323409	0.228011875846413	232.616202716418	0.814608095639808
"TCGA-14-1455"	0.561836169748771	0.0540826917450918	0.384081138506137	209.943478706756	0.771603965600657
"TCGA-14-1459"	0.255694469053594	0.31736755808276	0.426937972863646	461.71860201991	0.482798008504415
"TCGA-14-1794"	0.388708492733436	0.428216622355574	0.183074884910991	270.528485862663	0.695734807037726
"TCGA-14-1795"	0.154676824874655	0.0166886319013812	0.828634543223965	331.761639822408	0.674271131117905
"TCGA-14-1823"	0.268321989178986	0.285430339568539	0.446247671252474	458.830270663475	0.243167058501829
"TCGA-14-1825"	0.710686345808237	0.00837334923830256	0.28094030495346	315.415868523569	0.725353974027602
"TCGA-14-1827"	0.591526921689734	-4.85646713027087e-19	0.408473078310266	353.673165153234	0.569261565229378
"TCGA-14-1829"	0.440793557591032	0.213100591984621	0.346105850424346	386.857365202358	0.443258686847836
"TCGA-14-2554"	0.242791563868439	0.256091678655755	0.501116757475807	461.48286639192	0.39815827601634
"TCGA-14-2555"	0.317142333503601	0.0712756302825856	0.611582036213813	413.614442329472	0.554428757309492
"TCGA-14-3476"	0.306188159691472	0.0659210268244368	0.627890813484089	279.141362213669	0.447132261104457
"TCGA-14-3477"	0.484217593663508	-9.77445146062543e-18	0.515782406336492	263.128566127387	0.658665704585129
"TCGA-15-0742"	0.389963468425038	8.00722208253321e-18	0.610036531574968	234.036488497083	0.834673693027142
"TCGA-15-1444"	0.500658032783458	0.0117781266898706	0.487563840526671	672.480174897146	0.69663291061036
"TCGA-15-1446"	0.463341704385496	0	0.536658295614505	396.83421768681	0.629108071605702
"TCGA-15-1447"	0.459998620866933	1.38591761596664e-18	0.540001379133066	233.793502751169	0.506679696298536
"TCGA-15-1449"	0.465877118054761	-6.51294426876376e-18	0.534122881945238	262.271413665017	0.454230262034376
"TCGA-16-0846"	0.38001263043062	0.0746648099819721	0.545322559587408	485.097537142872	0.591444474339972
"TCGA-16-0848"	0.243306043392643	0.515373517151936	0.241320439455422	661.983510499985	0.326808235168905
"TCGA-16-0861"	0.456469875086609	0.0645356409730647	0.478994483940326	426.02439363055	0.790388065585939
"TCGA-16-1045"	0.472092135742447	0.467220280245951	0.0606875840116025	336.169824466509	0.570549106455172
"TCGA-16-1047"	0.45670857396278	0.0153188414747421	0.527972584562478	308.651847543689	0.705814181923681
"TCGA-16-1055"	0.306320170967976	0.557819238545095	0.13586059048693	433.482173075786	0.597841458781963
"TCGA-16-1056"	0.462167633549103	5.6309098540417e-18	0.537832366450897	279.157351963044	0.827605056963627
"TCGA-16-1060"	0.143960936965581	0.439156305177222	0.416882757857198	460.640834748501	0.469365218721928
"TCGA-16-1062"	0.18605704962942	0.00458148860697445	0.809361461763606	444.003548132111	0.782198712853949
"TCGA-16-1063"	0.427093425918628	0.0850734903033034	0.487833083778069	278.040311211962	0.684417582107397
"TCGA-19-0955"	0.225305470884648	0.482113573980133	0.292580955135219	774.992772349556	0.296636133972808
"TCGA-19-0957"	0.314784724832468	0.017644955694764	0.667570319472768	378.440819201677	0.6940149108678
"TCGA-19-0960"	0.941984304530393	1.23013260310586e-18	0.058015695469608	309.845617460306	0.780564408737446
"TCGA-19-0962"	0.176911909072922	0.196246172322602	0.626841918604476	451.676874716458	0.584391082550887
"TCGA-19-0963"	0.456553853047613	0.141393752791446	0.402052394160941	408.994181164798	0.644594358486144
"TCGA-19-0964"	0.528661360698334	0.0289290463529717	0.442409592948694	343.934899192945	0.756153176270586
"TCGA-19-1385"	2.50687209610949e-19	1	-7.43229513955573e-17	723.388569081476	0.524107742181409
"TCGA-19-1386"	0.525592522352556	-5.7878498629657e-17	0.474407477647444	336.847916178865	0.486597776568956
"TCGA-19-1387"	0.467145397820772	0.217664399172121	0.315190203007107	301.751876434111	0.625134599294736
"TCGA-19-1388"	0.283873959957871	0.0412254118884818	0.674900628153647	384.227490965557	0.458848554424641
"TCGA-19-1389"	-3.57673565825567e-19	0.369060005835888	0.630939994164114	465.509701362199	0.450024978151788
"TCGA-19-1390"	0.362155027449321	1.08612652614088e-16	0.63784497255068	314.779066693411	0.860129436799784
"TCGA-19-1392"	0.0852087279084664	0.161710106599357	0.753081165492177	425.436416224663	0.516304506051631
"TCGA-19-1786"	0.547292662374381	0.0490922516593641	0.403615085966255	265.127423377801	0.718312107789307
"TCGA-19-1787"	0.0783716707309595	0.359811921446671	0.56181640782237	324.810872954519	0.46785868003898
"TCGA-19-1789"	0.727521108550985	-1.13557832099233e-17	0.272478891449015	275.200293624566	0.694793250260786
"TCGA-19-1790"	2.74437984295868e-15	1.00000000000004	3.48355728638713e-20	932.923909202311	0.77614165765575
"TCGA-19-1791"	0.504009565579768	5.39266938923854e-18	0.495990434420232	298.975841737558	0.628820361607221
"TCGA-19-2619"	0.37542535346509	0.099204671615708	0.525369974919203	396.196738530738	0.806316621305099
"TCGA-19-2620"	0.282019331518453	-4.59505426917235e-19	0.717980668481547	780.9870540634	0.557745301098304
"TCGA-19-2621"	0.384338824210791	7.98922656120487e-16	0.615661175789208	453.000903813416	0.807217213519201
"TCGA-19-2623"	0.108271137211804	0.754133685196025	0.137595177592188	426.661062309285	0.675279446441788
"TCGA-19-2624"	0.445677747179576	-3.64858254659245e-17	0.554322252820426	496.39212911366	0.77493566667696
"TCGA-19-2625"	0.329042555570937	0.308838879386956	0.362118565042107	708.140147765015	0.332620128074714
"TCGA-19-2631"	0.107189290513741	8.34134828735196e-18	0.892810709486287	553.697637979904	0.671395822511708
"TCGA-19-4068"	0.0978374325884191	-2.18706267383039e-17	0.902162567411582	337.866000657448	0.719933666817611
"TCGA-19-5947"	7.92111376833729e-16	1.00000000000001	-5.36475645573875e-18	1794.37294441829	0.454084765964003
"TCGA-19-5950"	0.125935964721281	-2.99626146655779e-17	0.874064035278719	687.737115657148	0.483158101732391
"TCGA-19-5951"	0.0753666201923889	7.21660923047664e-18	0.924633379807611	553.93536450502	0.686240214128697
"TCGA-19-5952"	1.0968051720566e-16	0.119622085138	0.880377914862005	989.117358757128	0.656366081165777
"TCGA-19-5954"	-3.29566976037697e-17	0.210681359587772	0.789318640412239	775.163810309919	0.657574779330125
"TCGA-19-5955"	0.0691004047934645	0.358186707905308	0.572712887301227	1001.87402749287	0.46561506009799
"TCGA-19-5956"	0.380578040874874	-2.56181457011701e-17	0.619421959125141	458.119837055166	0.816321329372086
"TCGA-19-5958"	0.147305632694417	-1.12695805810325e-16	0.852694367305581	829.623235312782	0.645690369587682
"TCGA-19-5959"	0.126140733050929	8.37107465216656e-17	0.873859266949069	820.155788262231	0.619558883551301
"TCGA-19-5960"	0.646941315470247	1.73700072015544e-17	0.353058684529754	433.534575182048	0.744269547514908
"TCGA-26-1438"	0.427417909586077	0.461446993648889	0.111135096765034	508.184586175391	0.370350040632656
"TCGA-26-1439"	0.312545401524702	0.283143442208925	0.404311156266373	539.43453641624	0.545217181649967
"TCGA-26-1440"	0.461534979029581	0.176429157829851	0.362035863140569	244.888645520981	0.681853008063448
"TCGA-26-1443"	0.21585741642749	0.199108987114357	0.585033596458147	280.380901837134	0.844236950692546
"TCGA-26-1799"	0.432226815223375	2.90801334520739e-16	0.567773184776625	217.208784472582	0.836393094587178
"TCGA-26-5132"	0.219849518784338	0.124670406669608	0.655480074546054	286.004180250895	0.561028144689206
"TCGA-26-5134"	0.327572564236271	5.42457717447512e-19	0.67242743576373	206.882721243609	0.80825530800935
"TCGA-26-5135"	0.147461298358959	0.0403685229571544	0.812170178683891	286.318572077593	0.659812790349305
"TCGA-26-5136"	-1.05597677837964e-15	1	-3.74333560330433e-17	1350.49311983364	0.797961593486573
"TCGA-26-5139"	0.0677154360493109	0.618109494807554	0.314175069143134	589.531209776533	0.0987146520977306
"TCGA-27-1830"	0.331895454197394	0.220091982381222	0.448012563421384	442.370335526403	0.528540216031302
"TCGA-27-1831"	0.398734242724912	0.175127040130981	0.426138717144109	274.187001302981	0.582612704146793
"TCGA-27-1832"	0.0404140129143211	0.27997132970563	0.679614657380048	372.555902865971	0.410223489131447
"TCGA-27-1833"	0.278729213477615	-6.19763782002504e-16	0.721270786522385	295.214433692106	0.810590518963826
"TCGA-27-1834"	0.266491064840908	-6.93889390390722e-18	0.733508935159093	295.446623013569	0.656320754062898
"TCGA-27-1835"	0.610955254763975	-1.10058004357752e-17	0.389044745236025	314.48307915326	0.787805275535756
"TCGA-27-1836"	0.713031796337898	2.65619571703089e-19	0.286968203662102	330.463963978091	0.735195550130575
"TCGA-27-1837"	0.369987768345057	0	0.630012231654943	543.792809220667	0.605080014756384
"TCGA-27-1838"	0.271987638055544	0.368794262271258	0.359218099673198	280.658188742845	0.446389764020325
"TCGA-27-2518"	0.459281294329153	0.0240318961451659	0.516686809525681	356.137009169084	0.682498341710734
"TCGA-27-2519"	0.216716178578526	0.532697829572625	0.250585991848848	369.380988166461	0.557434893990546
"TCGA-27-2523"	0.160020216850349	-9.25362255335836e-17	0.839979783149651	297.636227012405	0.566462653410046
"TCGA-27-2524"	0.0212585190493439	0.420618096521881	0.558123384428772	455.378137045696	0.731286121312142
"TCGA-27-2526"	0.646379795687055	0	0.353620204312945	337.512343874266	0.607458170959673
"TCGA-27-2527"	0.201725533861449	0.297331218209264	0.500943247929286	519.750311627852	0.450186294060375
"TCGA-27-2528"	0.287427614698648	2.37552163771822e-17	0.712572385301353	442.920133984477	0.653621060965796
"TCGA-28-1745"	0.084984640206273	-8.67361737988403e-19	0.915015359793727	319.484147325248	0.31402285844273
"TCGA-28-1746"	0.773086307841226	0.0770827462560849	0.149830945902689	372.415022232698	0.699036287480636
"TCGA-28-1747"	0.501372420216197	-4.81448573193937e-19	0.498627579783804	446.37426683089	0.367318397763836
"TCGA-28-1749"	0.290428264801396	-1.29985498079499e-16	0.709571735198605	253.392704431264	0.791068693580399
"TCGA-28-1750"	0.0832267165983844	0.216743261526342	0.700030021875275	381.291151869624	0.681700817717004
"TCGA-28-1751"	0.0447660344712607	0.493689040863394	0.461544924665346	354.828791507032	0.624188317478699
"TCGA-28-1752"	0.226834255247669	0.247270888791493	0.525894855960837	381.228873812289	0.351673963388245
"TCGA-28-1753"	0.274853749764716	0.29857999606593	0.426566254169354	441.83480237312	0.600060739541487
"TCGA-28-1755"	0.123427226065816	5.19898323011406e-18	0.876572773934183	181.4928671648	0.831514039652555
"TCGA-28-1757"	5.30347210181382e-19	0.0178591464786217	0.982140853521379	320.075670359112	0.658156402278845
"TCGA-28-1760"	0.0879793344984518	0.486441404861398	0.425579260640149	489.090867650525	0.483142009429721
"TCGA-28-2502"	0.109850837004387	0.141358499243945	0.748790663751669	668.228236294591	0.503643722563792
"TCGA-28-2506"	0.934826903803856	-1.71424119532821e-17	0.0651730961961438	588.563256261658	0.626717903982466
"TCGA-28-2509"	2.10591542575891e-16	0.325797189916229	0.674202810083794	437.597594234603	0.681499117082013
"TCGA-28-2513"	0.101747130350131	0.70666085075692	0.19159201889295	482.080198422172	0.471335768476257
"TCGA-28-2514"	0.518696099303333	0.0872130476604625	0.394090853036204	493.139312006081	0.660902776909802
"TCGA-28-5204"	0.0729699806884162	-2.23178141690473e-17	0.927030019311583	631.986876266158	0.00884153076558276
"TCGA-28-5207"	0.0678562037291046	0.018755059550838	0.913388736720059	526.667169720859	-0.033838492810449
"TCGA-28-5208"	0.0634648146933528	0.319771077387574	0.616764107919073	673.783708459747	0.0565958233025609
"TCGA-28-5209"	0.0419012945371513	0.462018821498899	0.496079883963949	667.735188633724	0.0896750031696783
"TCGA-28-5213"	0.00323681363531783	3.63092099545482e-18	0.99676318636468	394.070250826216	0.110253053672654
"TCGA-28-5214"	0.153109080563962	0.290571497643697	0.556319421792341	464.276438495079	0.156762362409524
"TCGA-28-5215"	9.06129226806605e-17	1	8.43207019800552e-19	793.772730784603	0.177548378886891
"TCGA-28-5216"	0.0620789217923643	0.351960457842515	0.58596062036512	465.691678224993	0.151698639039061
"TCGA-28-5218"	1.42230617667389e-19	0.545495009833404	0.454504990166595	583.94989882493	0.170512473620618
"TCGA-28-5219"	0.057563974034409	0.17834112099889	0.764094904966713	395.095690766313	0.551060633618876
"TCGA-28-5220"	0.480190504813021	1.43635801824611e-19	0.519809495186979	295.175021636718	0.731301323664475
"TCGA-28-6450"	4.14458662083524e-19	-3.02443826832196e-16	1.00000000000004	860.192608108215	0.573032077632281
"TCGA-32-1970"	0.536819176083836	-7.87694141315418e-19	0.463180823916164	358.416496508642	0.693598295748444
"TCGA-32-1973"	0.269176580695074	0.00703353686432584	0.7237898824406	422.470609491326	0.371392172189169
"TCGA-32-1976"	0.607087219156974	0.272980362469002	0.119932418374024	585.829297526642	0.645335427301058
"TCGA-32-1977"	0.238055186435406	0.570023801089195	0.191921012475399	465.038721699062	0.430442547727914
"TCGA-32-1978"	0.628249375058756	0.122231379967021	0.249519244974223	301.684294519206	0.834219627789951
"TCGA-32-1979"	0.382868844555807	0.230182685127767	0.386948470316426	602.392717824481	0.479093661780712
"TCGA-32-1980"	0.2145522576957	0	0.7854477423043	619.249234995948	0.523202360275328
"TCGA-32-1982"	0.169137931792752	0.0658914130053025	0.764970655201945	436.939198477593	0.619660537685889
"TCGA-32-1986"	2.63550915984148e-19	0.336691325538297	0.663308674461701	560.886461674609	0.594306917733123
"TCGA-32-1987"	0	0.783023119073321	0.216976880926679	424.802620677373	0.565621246815112
"TCGA-32-1991"	0.078396512057998	0.0826142661202465	0.838989221821757	415.674963034443	0.510613694204797
"TCGA-32-2491"	0.0179333168586863	0.447485796249084	0.53458088689223	707.634147278879	0.535956795506168
"TCGA-32-2494"	0.109896008582976	0.59555126565724	0.294552725759787	577.448340223199	0.561607530528582
"TCGA-32-2495"	0.0888381867504726	-1.51431813641423e-18	0.911161813249529	576.102634608748	0.609897403113294
"TCGA-32-2615"	0.139964396007913	0.772581753524765	0.0874538504673229	607.983396295899	0.477618102147387
"TCGA-32-2616"	0.172071049608247	0.0878888294693407	0.740040120922412	172.541864170899	0.770042840173344
"TCGA-32-2632"	0.287505485605352	0.0233220717948465	0.689172442599801	625.03123187427	0.391406055313045
"TCGA-32-2634"	0.420793461624682	0.144552889820959	0.434653648554359	401.904227301863	0.689164882010467
"TCGA-32-2638"	0.184657515639919	0.445757873920213	0.369584610439869	734.132758542806	0.475070983677701
"TCGA-32-4209"	0.0821300833560692	0.300685437395447	0.617184479248483	670.10413627975	0.508128242072811
"TCGA-32-4210"	0.463695242654038	0.0315745678457375	0.504730189500224	409.684722958393	0.619143534106363
"TCGA-32-4211"	0.326282446041141	0.3212230982568	0.352494455702059	579.314550315356	0.44920651255309
"TCGA-32-4213"	0.0543029101585532	0.301528983958927	0.64416810588252	701.022148348741	0.457982822109446
"TCGA-32-4719"	0.209493436601171	0.0654820556839999	0.72502450771483	568.341206906528	0.47697271593862
"TCGA-32-5222"	0.219120365763789	-1.41219082481926e-18	0.780879634236211	226.02876053212	0.708860842748293
"TCGA-41-2571"	0.225310873659546	0.114543707221079	0.660145419119375	333.323353860945	0.61567404475766
"TCGA-41-2572"	0.153812848981953	0.0499089120450567	0.796278238972991	504.355100124042	0.644524354773882
"TCGA-41-2573"	0.533264810548401	0.0546079410403703	0.412127248411228	700.604202601533	0.43609823673165
"TCGA-41-2575"	0.487355249817764	5.0849032642923e-17	0.512644750182236	334.749832726911	0.737710825867575
"TCGA-41-3392"	0.166296980274437	7.59615555560629e-18	0.833703019725564	603.235848994382	0.654548552238812
"TCGA-41-3393"	0.425116506273849	0.290582900306484	0.284300593419667	446.922889615274	0.653912288777397
"TCGA-41-3915"	0.130602038539486	0.34148013438386	0.527917827076654	442.518946149106	0.416577677667886
"TCGA-41-4097"	0.0264988298679387	0.111867202609686	0.861633967522376	827.843485756094	0.330539032786835
"TCGA-41-5651"	0.431683856601013	-1.88079762483756e-18	0.568316143398988	615.559921612233	0.676407485203581
"TCGA-76-4925"	0.493393849108831	4.58223116823322e-33	0.506606150891169	431.412431286513	0.673585063894212
"TCGA-76-4926"	0.131301206644653	0.0488641131655348	0.819834680189813	200.952358643739	0.84257115431436
"TCGA-76-4927"	0.185033869253658	-1.08860581160322e-16	0.814966130746343	249.129587275159	0.741246445118108
"TCGA-76-4928"	0.0183256040358134	0.0639226493112443	0.917751746652942	272.838751861169	0.746043860613432
"TCGA-76-4929"	0.126366281556465	0.0571428243719581	0.816490894071577	409.938486883947	0.51799220351229
"TCGA-76-4931"	0.288398793203592	0.154009415254512	0.557591791541896	256.837736136173	0.588140848838068
"TCGA-76-4932"	0.227110483835937	-5.00586302893863e-17	0.772889516164065	415.146752398297	0.662014219811816
"TCGA-76-4934"	0.339797007734701	1.40345056374132e-18	0.6602029922653	219.541999644251	0.814536354605199
"TCGA-76-4935"	0.316340001627777	0.0717665110907108	0.611893487281513	256.594265632497	0.786387276524955
"TCGA-76-6191"	0.259450487391508	1.07705654066277e-16	0.740549512608493	719.844698365157	0.694783470285246
"TCGA-76-6192"	0	5.81292652130003e-18	1	894.460060718219	0.624421024879528
"TCGA-76-6193"	-1.85650953440852e-17	0.642254065264549	0.357745934735448	933.573132509805	0.631414598646521
"TCGA-76-6282"	-5.24614346074951e-18	0.788549857406765	0.211450142593238	670.432343761789	0.463613187192163
"TCGA-76-6285"	0.199773023525964	0.0534592981991081	0.746767678274926	583.180315866703	0.757822778333093
"TCGA-81-5910"	1.73472347597681e-18	2.30318796800338e-15	1	874.316230944795	0.826887400961634
"TCGA-87-5896"	0.00554358206185978	-1.80324380499271e-16	0.994456417938163	594.717002429596	0.83903751466357
