"cancer_abs"	"lympho_abs"	"myelo_abs"	"stroma_abs"	"Bcells_abs"	"NK_abs"	"PlasmaCells_abs"	"Tcells_abs"	"CD8_abs"	"CD4_abs"	"Tgd_abs"	"CD8_naive_abs"	"CM_CD8_abs"	"EM_CD8_abs"	"EMRA_CD8_abs"	"Th1_abs"	"Th2_abs"	"Th17_abs"	"Treg_abs"	"Tfh_abs"	"dendritic_abs"	"granulocytes_abs"	"macro_abs"	"monocytes_abs"	"plasmacytoid_abs"	"M1_abs"	"M2_abs"
"GSM1683515"	0.654316623039432	0.0133808320353936	0.0546037659717385	0.232944974043925	-6.02467706097051e-27	5.75919710499869e-05	0.0126824690436321	0.000640771020711579	0.000625206440342914	1.55645803686655e-05	-6.44334667615768e-22	3.8630455082869e-21	4.2799526066069e-07	1.51365851080048e-05	-3.10421379041556e-21	4.34353454187405e-22	0.000283829937000174	-1.67065727801731e-21	0.000338367650161787	3.00885318095317e-06	0.00384647008447592	0.00236779151886436	0.035372082697753	0.0122113806434556	0.000806041027189536	0.0353720826977532	-4.81447214109436e-21
"GSM1683518"	0.746583779782447	1.34865886743882e-16	0.0248424198639543	0.079563092775906	1.44768640391189e-17	7.48918821251249e-19	1.13043227601602e-16	6.59687628191052e-18	6.37373824199334e-18	2.23138039917125e-19	4.59915332820644e-36	2.90218809869532e-35	0	2.23138039917125e-19	-2.1316840522218e-35	4.84277836774562e-18	1.51223397720657e-18	5.02221885018917e-34	2.15571916092772e-36	1.87258970411553e-20	0.00280224167858511	0.00111822236748531	0.0103807458425138	0.00983359543612551	0.000707614539244484	0.0103807458425139	0
"GSM1683519"	0.260450239808151	6.0685404510018e-18	0.072139897521293	0.345662127322325	-7.4526572590133e-35	4.39835398302046e-20	5.63082217554349e-18	3.93734735628095e-19	3.8083683816891e-19	1.28978974591851e-20	-1.26132949870133e-37	7.68582384902331e-37	0	1.28978974591851e-20	-4.828357411309e-37	1.01344524907797e-35	2.07009238656363e-19	-3.15914700954967e-36	1.71667887791933e-19	2.15971172061279e-21	0.00110259127229826	0.000367016820933672	0.0588612895992192	0.0117029175446309	0.000106082284210962	0.0588612895992195	0
"GSM1683521"	0.95192953411896	1.45782004951378e-17	0.0480704658811252	1.11650030091994e-17	5.29320614897192e-18	4.1530932328689e-19	7.27892896962387e-18	1.59075605325508e-18	1.533936880243e-18	5.68191730120804e-20	-1.03037411173097e-35	0	5.6573795304691e-38	5.68191730120804e-20	1.71776625585453e-36	2.38057671305929e-35	1.02492286699024e-18	-2.14763211112181e-50	5.05895096181224e-19	3.11891707153588e-21	0.00118216926543286	0.000721900724496637	0.0338750232870894	0.0110051811594632	0.00128619144464304	0.0338750232870897	0
"GSM1683524"	0.874523281694357	-4.4281435929639e-17	0.0248499878166123	0.100535249190108	-9.98601286592436e-34	-2.51943356451139e-19	-4.17359656458591e-17	-2.2935269273288e-18	-2.23444047998608e-18	-5.90864473427172e-20	-9.94658750905554e-37	-8.72966291694943e-38	5.20014176213868e-37	-5.90864473427172e-20	3.97085589886305e-36	1.51291292830791e-35	-1.10489907891543e-18	-3.83097792945051e-36	-1.1210768450791e-18	-8.46455599154344e-21	0.0021507675364061	0.000981593263372814	0.0131703340571383	0.00812564148258185	0.000421651477113262	0.0131703340571384	0
"GSM1683528"	0.875302654770995	0.033702346321193	0.00999872106091621	2.7209687032572e-17	5.52223749402691e-19	0.000303987776800679	0.0315710978167006	0.00182726072769167	0.00175266623882313	7.31457843162302e-05	1.44870455230895e-06	2.04830233086481e-05	-2.21389465873486e-21	5.26627610075818e-05	-2.81994583712599e-21	1.24397669758242e-20	0.00110009240391335	0	0.000641248130583544	1.13257043262345e-05	0.000218841298867504	9.11289631216769e-05	0.00870000175115733	0.000806939076602632	0.00018180997116707	0.00870000175115738	0
"GSM1683531"	0.597793366411018	-7.1005898850016e-17	0.0671152762963137	0.33509135729269	-2.81914443290843e-33	-5.68969450205654e-19	-6.63031856634626e-17	-4.13374373634764e-18	-4.06826249429905e-18	-6.54812420485895e-20	-6.10068483951175e-38	3.10905271637547e-37	0	-6.54812420485895e-20	9.25484695449758e-37	-4.0382729927278e-35	-8.08768333504167e-19	-2.20182567158133e-20	-3.19741407872885e-18	-4.00618253502181e-20	0.000649592495897835	0.00199077461153177	0.0529163139764311	0.0107688174943378	0.000789777718115101	0.0529163139764313	-1.71201399750515e-19
"GSM1683534"	0.336427516050208	1.23627852073704e-17	0.155074016491507	0.508498467458286	6.47470824546275e-18	4.99501870483598e-19	3.45658259875831e-18	1.93199249266577e-18	1.88939344838293e-18	4.25990442828346e-20	9.49084751159017e-51	0	5.9118049737287e-37	4.25990442828346e-20	2.20134634099317e-36	1.07975866148732e-35	1.19165025455531e-18	-2.42088134074372e-36	6.97743193827624e-19	-2.9834545459945e-36	0.00117612122880216	0.00302931365468479	0.0409067717917576	0.109961809816263	-3.58967249807002e-20	0.0409067717917581	1.59364107558363e-18
"GSM1683535"	0.405234460030698	-4.55443547771524e-17	0.0261855993846144	0.568579940584715	3.27530629802319e-34	-2.06472366191089e-19	-4.34618282350527e-17	-1.87605417590857e-18	-1.80882095407345e-18	-4.43573652982213e-20	-2.28758565368887e-20	-1.98024065843817e-20	-1.3131723564125e-20	-1.14232351497147e-20	1.81426840446386e-36	-3.31460596432231e-35	-7.04594575275047e-19	1.80715448249546e-37	-1.09647896643537e-18	-7.74741236303479e-21	0.000471780328570548	0.000153073920966415	0.0237675198748025	0.00161852760605169	0.000174697654223241	0.0237675198748028	-4.85945612560858e-20
"GSM1683543"	0.581525299229523	4.25112501762558e-16	0.0461025756882791	0.263493590959898	4.58911103142283e-33	8.76960770425413e-18	3.77118399154379e-16	3.92244949039253e-17	3.81778197706688e-17	1.04667513325658e-18	-1.74713288882451e-35	0	1.89261992350347e-19	8.57413140906228e-19	-6.05648636055554e-36	7.15780635638302e-34	4.72831339225079e-18	9.96390680352079e-35	3.33546280867976e-17	9.48782916204617e-20	0.000186872036823602	0.00128558045290977	0.0433048960960383	0.00132522710250742	1.77443296151983e-25	0.0433048960960388	2.19274437614363e-18
"GSM1683545"	0.146666293041635	0.0122007644304065	0.278172553540837	0.562960388987137	0.00717061616315798	0.000746542670219589	0.00218343112651268	0.00210017447051622	0.00199112261720676	4.93874334537309e-05	5.96644198557259e-05	-6.19467308004119e-23	3.61600087315433e-05	1.32274247221876e-05	-1.061501060623e-20	1.00901019233715e-20	0.00111738355066996	-4.84041807589738e-21	0.000862234330217662	1.15047363191384e-05	0.00424137677995979	0.00452096738688489	0.0174797754642544	0.251930433909738	5.52634901112291e-20	0.0174797754642545	1.63640217816602e-19
"GSM1683546"	0.729284452146365	5.02459143433145e-17	0.00866845420213259	0.124397986741576	1.32871620508633e-17	1.04240439219542e-18	3.16436819117361e-17	4.27266598851967e-18	4.16317472288582e-18	1.09491265633849e-19	0	0	-2.05147500147834e-38	1.09491265633849e-19	-1.19024410925749e-36	1.50572843120042e-19	3.75372297374458e-18	9.76832112070786e-36	2.32452138905198e-19	2.64267671159955e-20	0.000551051691534501	0.000255713778158862	0.0061397801429297	0.00160048901780574	0.000121419571703798	0.00613978014292975	0
"GSM1683549"	0.164847146397065	0	0.113742748635702	0.630189409747168	0	0	0	0	0	0	0	0	0	0	0	0	0	0	0	0	0.000503408363490552	0.00899771629503129	0.0754759032766755	0.028765720700505	2.42467434366869e-20	0.0754759032766765	-1.92530568023204e-19
"GSM1683554"	0.701767093359736	0.0365767485332083	0.042324855784935	0.0962549647078354	0.0124241767491195	0.00111185857813062	0.0194322879487056	0.00360842525725252	0.00345213209640379	6.90763373593715e-05	8.72168234893622e-05	-1.00688301207313e-22	-5.83980363651599e-20	6.90763373593715e-05	-7.82772412951776e-22	5.8382570437264e-20	0.00252934822259587	-7.49942261035976e-21	0.000910831998980134	1.19518748277786e-05	0.00110594765957381	0.000581623660571178	0.0300795170943747	0.0092024132269454	0.0013553541434699	0.0300795170943748	0
"GSM1683557"	0.705221632164336	-2.7330103091249e-17	0.0838556676385896	0.143420918345995	-6.09179036613535e-18	-5.42588437591018e-19	-1.84583842377508e-17	-2.23734004977188e-18	-2.18350672413728e-18	-5.3833325634602e-20	-1.9707161533671e-37	2.02171138426148e-38	2.72076556888949e-37	-5.3833325634602e-20	2.67545075266261e-36	6.84004300390341e-36	-1.29694447778695e-18	-4.51676565289286e-36	-8.7469747055655e-19	-1.18647757937741e-20	0.00296496708491066	0.00333697658089743	0.0608501458539438	0.0157051921140991	0.000998386004738643	0.0608501458539441	0
"GSM1683566"	0.380082340739376	5.74242804689699e-17	0.103597504466984	0.516320154793641	-8.18874574398941e-34	3.38275773930724e-19	5.3858202366069e-17	3.22780232897014e-18	3.11818398960388e-18	1.09618339366236e-19	4.01614569236598e-36	1.83519696654053e-36	-1.72628754399539e-35	1.09618339366236e-19	-3.35779408419868e-35	4.19734714592004e-35	1.61905683699217e-18	0	1.4646529335136e-18	3.44742190981111e-20	0.0028607808411532	0.00323404300264314	0.0674804914549997	0.0289412486727692	0.00108094049541843	0.0674804914550001	2.96977155245352e-18
"GSM1683568"	0.631982461376225	0.0341906914088676	0.03147646147174	-5.0887064111029e-18	-9.79682007959925e-19	0.000222837087613287	0.0327877173146848	0.00118013700656959	0.00113399578210196	4.61412244676338e-05	1.02360568508263e-21	7.7369342369701e-06	3.20169061177279e-22	3.84042902306637e-05	1.9338171643474e-23	5.7086946199433e-20	0.000838021820371111	6.89349019386981e-22	0.000291878548359418	4.09541337142538e-06	0.00209621272520332	0.000930903327220153	0.0164205076884919	0.0106475049396422	0.00138133279118248	0.00881287316441297	0.00760763452407889
"GSM1683571"	0.91625296310471	1.0694982189946e-17	0.0254428020090617	0.0583042348862316	1.82752103952089e-35	6.10728535763931e-20	1.02353362027913e-17	3.98573133578383e-19	3.8911307159453e-19	9.46006198385315e-21	0	1.77302327551249e-21	-3.55319608730837e-37	7.68703870834066e-21	2.13358534650104e-37	-7.9227706300329e-36	3.40973737353412e-19	-9.4764290681014e-38	4.67861175485557e-20	1.35321669256206e-21	0.00216309119016952	0.000968460203802896	0.0162872930097711	0.00552770068725698	0.000496256918061235	0.0162872930097712	0
"GSM1683576"	0.752824276741405	0.0716682416457987	0.0804848844227547	0.0950225971900425	0.0510983519286654	0.00732684262301749	0.011360585602369	0.00188246149174681	0.001815562088153	4.1156747032273e-05	2.57426565615394e-05	-1.63141761308874e-23	0	4.1156747032273e-05	1.15733536006938e-21	0.000175960101763127	0.000812992495306288	2.59598075690448e-20	0.000826609491083581	0	0	0.00129972113453978	0.0511303886145357	0.0277346948387964	0.000320079834882777	0.0511303886145364	-1.29049018330954e-20
"GSM1683578"	0.863263342839045	0.0539210344325786	0.016831172772246	0.0659844499562953	1.55519143486492e-19	0.000283170348580552	0.0508560996988685	0.00278176438512952	0.0026954570263057	8.63073588238167e-05	0	1.61892590663299e-05	-9.66936047471131e-22	7.01180997574869e-05	1.82499535110354e-21	0.000541984112474016	0.0020558184912995	-3.39499467567086e-20	8.89514325515036e-05	8.70298998068069e-06	0.000262214551310854	7.93287543354037e-05	0.0152919019433735	0.000912942533407236	0.000284784989819029	0.0152919019433736	-9.6392726017108e-20
"GSM1683582"	0.761745635223682	1.10626596437189e-16	0.0560341497887545	0.182220214987564	0	5.39267871303036e-19	1.0526733387982e-16	4.81999468606524e-18	4.6451931639981e-18	1.30060103472291e-19	4.47414185948518e-20	-2.38488901622658e-36	0	1.30060103472291e-19	1.23166067106913e-35	4.58683603831039e-35	2.32361915048363e-18	-2.1241190643494e-36	2.29837030028935e-18	2.32037132251255e-20	0.0016932795348679	0.00263991799180876	0.0417267917104715	0.00923357352939711	0.000740587022209192	0.0417267917104719	4.80597136582567e-19
"GSM1683587"	0.661506724599505	0.0314803451503847	0.0297399273803315	0.0587565440517482	0.0159217960875125	0.0027857010394124	0.00891037872762794	0.00386246929583189	0.00370187567064095	0.000104307767656942	5.62858575339933e-05	7.34438731402329e-21	7.88796645046394e-21	6.55904477968666e-05	3.87173198600753e-05	0.0036892543283104	4.98136226025449e-20	-7.77896175209581e-19	0	1.26213423305485e-05	0.000821051393012179	0.000382524048539642	0.0179670283421924	0.00961025334797489	0.000959070248612419	0.0179670283421925	-3.64682359476258e-20
"GSM1683588"	0.451683548163678	3.30432787625963e-16	0.0287344268578649	0.519582024978547	2.66656136699344e-34	1.9808803701759e-18	3.11267079955582e-16	1.71848273002056e-17	1.68759109509598e-17	3.08916349245726e-19	0	7.36393713766505e-36	2.27460543877503e-19	8.14558053682231e-20	-1.98785273478112e-35	-4.67834973191146e-34	8.60496333442723e-18	1.22132682142956e-35	8.19639787897712e-18	7.45497375554685e-20	0.000672401263514948	0.000105347450238829	0.0263551495131917	0.00128265626687133	0.000318872364048096	0.0263551495131919	0
"GSM1683589"	0.228167988509067	7.09254076022453e-18	0.0356811351481942	0.379839174584477	9.34959255619746e-35	5.12253460112185e-20	6.67754552005745e-18	3.63769894155858e-19	3.55113060595596e-19	8.6568335602629e-21	-1.81929745701913e-37	-1.54981434769498e-36	2.95594643378853e-39	8.6568335602629e-21	1.03546655820151e-36	-7.85449799968911e-36	1.90744842392426e-19	3.09761313947304e-40	1.50142025067568e-19	1.42261931356017e-20	0.00265580039958813	0.00123512459393961	0.0233587880531933	0.0078752159432044	0.000556206158268706	0.0233587880531934	-6.19792277279471e-19
"GSM1683593"	0.907032305700138	0.00519474479727279	0.0382591987565179	0.0440327778083578	0.000946461358263004	8.05052969909293e-05	0.00379323021123137	0.000374547930787529	0.000362163155252794	1.23847755347291e-05	0	-1.07420804323989e-23	9.53602170346887e-22	1.2384775534729e-05	-7.8884721307232e-24	1.41677866727761e-21	0.000289865338877287	7.82470385843985e-29	7.08671608126549e-05	1.43065556285186e-06	0.0035954243521011	0.00169266705488799	0.0204264937264435	0.0112626607549622	0.00128195286812312	0.0159187825499466	0.00450771117649692
"GSM1683596"	0.8423220937972	0.0470483479403004	0.0148928084401846	0.00320561765312055	0	0.000372609701741754	0.0438215241136331	0.00285421412492548	0.00273462648351599	6.45598213873304e-05	5.50278200221641e-05	2.0286401077486e-05	1.81236024428197e-22	4.42734203098443e-05	-4.7625458557185e-22	-1.01714791231493e-20	0.00146374445880691	2.02949818746394e-21	0.0012598908542695	1.09911704395832e-05	0.000397322293567157	0.00011372078339457	0.012938786292322	0.00113173987065918	0.000311239200241748	0.0129387862923221	3.14107180359942e-20
"GSM1683597"	0.338482706261099	1.22281497876579e-16	0.216220908894549	0.445296384844353	6.89665810038286e-17	6.18661509241895e-18	2.89418441558162e-17	1.81864576245148e-17	1.7494247627423e-17	3.85609285463352e-19	3.06600711628483e-19	-6.13682526533372e-36	1.52037677871069e-19	2.33571607592284e-19	1.42269861879128e-35	5.19257429986076e-18	1.04383767148888e-17	9.59942045089031e-36	1.76037008363835e-18	1.02926529035047e-19	0	0.0137769276492157	0.145119531258249	0.0570636760433869	0.000260773943696939	0.14511953125825	-4.74655250275181e-19
"GSM1683598"	0.229043605196639	0.0149198412884414	0.00243321712247696	5.28591448396386e-19	-1.14310872533059e-19	9.5281021259329e-05	0.0139692864958364	0.000855273771345648	0.000796541779616898	3.25790505108406e-05	2.61529412179097e-05	-2.73846362552614e-22	2.96589247878758e-05	2.7525735687528e-06	1.67552154211924e-07	2.0382468462726e-21	0.000131476099303959	1.37359094667738e-06	0.000659666771483917	4.0253178823423e-06	0.000170462164844754	6.37037068346807e-05	0.00154839869745053	0.000618824407764537	3.18281455824543e-05	0.000748988145865827	0.000799410551584706
"GSM1683599"	0.608785687987027	0.0185100734514895	0.0269078670178789	3.32988629169201e-17	1.11445830421484e-19	9.70854328376801e-05	0.0175569815733392	0.000856006445312551	0.000834982030149253	2.10244151632985e-05	0	1.71009047362621e-23	-1.10712845663227e-23	2.10244151632984e-05	1.4985035045562e-22	2.7340825507901e-20	0.000144149722742078	3.20990796149457e-06	0.000674975490542168	1.2646908903513e-05	0.00133973992067229	0.00045151672616193	0.0185230114860913	0.00567114227691926	0.0009224566080341	0.0185230114860916	0
"GSM1683604"	0.797048607313024	0.0649320497094155	0.0166710527181311	0.121348290259475	1.80222641558746e-18	0.000959039644412482	0.0600338222367313	0.00393918782827163	0.00387561073544533	6.35770928263034e-05	4.6904626105074e-22	9.34570582885382e-06	1.42254277691452e-21	5.42313869974496e-05	2.42163114390502e-22	3.05501642199549e-19	0.00205406268855571	0	0.0017935425137763	2.8005533113308e-05	0.00094255998793192	0.000591538423346782	0.0125595256048939	0.0024185720795141	0.000158856622444418	0.012559525604894	0
"GSM1683612"	0.68541808932389	-2.60594182939925e-17	0.0745102613634377	0.240071649312676	-3.75481598667177e-18	-4.87884009881155e-19	-2.05224598153457e-17	-1.2942584820939e-18	-1.24443623513513e-18	-3.73285766819015e-20	-1.2493670276873e-20	0	-1.35875058054696e-37	-3.73285766819016e-20	2.19572393248044e-37	6.30195247251808e-36	-1.19205641575661e-18	1.7885476437767e-35	-4.66523830930449e-20	-5.72743628546713e-21	-1.47444296111248e-20	7.5348484377584e-05	0.0542671808793986	0.0201677319996614	7.15519691832584e-21	0.0542671808793991	3.82078821905798e-19
"GSM1683613"	0.640392903082007	3.77017290322043e-17	0.0186165603403754	0.34099053657765	-4.95540151695795e-34	2.01895601429632e-19	3.55208195072887e-17	1.97901392348585e-18	1.93341878954877e-18	4.55951339370807e-20	1.19494464271795e-36	1.63165391362657e-21	1.30402013148806e-20	3.09232787085736e-20	-1.91985608600169e-37	-7.98925187016119e-36	4.80081164302532e-19	2.93838072498797e-36	1.44604192470196e-18	7.29570054427088e-21	0.000359539127867095	0.000347536790688812	0.0163752153633257	0.00146785026596078	6.64187925330039e-05	0.016375215363326	4.33405919269476e-19
"GSM1683614"	0.68474039551296	0.0217602832568576	0.027032349145631	1.43347970971048e-18	-8.02502967310073e-20	0.000140982915198779	0.0205098283919236	0.00110947194973521	0.00106106039162996	4.84115581052543e-05	0	1.55642264315245e-05	-9.97727364575278e-22	3.28473316737297e-05	-4.48806435506371e-21	2.38115522630822e-20	0.000361705093718767	-5.38965896893258e-21	0.000694130463146919	5.22483476427216e-06	0.000925010984080206	0.000437627948464154	0.0222057138102114	0.0030203586577621	0.000443637745113078	0.0222057138102117	0
"GSM1683615"	0.591399856447634	-2.19105559717716e-17	0.0868532922404263	0.256470816723977	-1.40188032317564e-17	-1.7756495219675e-18	-2.66658473007002e-18	-3.4495184879777e-18	-3.25085170073411e-18	-1.98666787243583e-19	-8.8192284574133e-36	0	-1.64966900523161e-34	-1.98666787243583e-19	1.4393356832738e-37	0	-1.4927228616528e-18	0	-1.73220288533884e-18	-2.59259537424744e-20	0.000643681243816342	0.00194941912536393	0.0117130027544243	0.0725471891168217	0	0.0117130027544243	0
"GSM1683619"	0.654546087731258	0.0288794141581542	0.005916759010682	2.7596313154551e-18	2.31402059374021e-19	0.000122765462042891	0.027778435753312	0.000978212942799246	0.000930694962196997	2.75601854728305e-05	1.9957795129418e-05	7.7871548828659e-06	8.37856100266141e-06	1.13944695873031e-05	-7.60112318450516e-25	-1.93798750598404e-20	0.000209517588656538	4.39164397624269e-07	0.00071126851395532	9.46969518751448e-06	0.000248030211548803	0.000118453212081399	0.00462163482753501	0.000765445923485364	0.000163194836031415	0.00462163482753503	0
"GSM1683622"	0.824105824248456	-9.09903417440851e-19	0.0905139019291801	0.0853802738223643	-2.19687734848876e-19	-1.48872338192255e-20	-5.91115464746049e-19	-8.42129840266996e-20	-8.09157961851618e-20	-3.29718784153795e-21	2.09925881924008e-37	-8.4120450623831e-38	-9.93028722930517e-22	-2.30415911860743e-21	-1.20820366496672e-38	3.5407097689888e-38	-4.17264097111874e-20	-3.81209177940344e-37	-3.89086618185804e-20	-2.80724655393851e-22	0.00111573195402932	0.0013437970777324	0.0537288288643829	0.0334406299277107	0.000884914105324864	0.0537288288643833	-3.17161930105475e-20
"GSM1683624"	0.80578776028321	-1.30850231970595e-17	0.0349520831248762	0.159260156592093	-3.35521283004097e-35	-7.77268583771122e-20	-1.22803700399561e-17	-7.26926298726329e-19	-7.08581826032512e-19	-1.83444726938169e-20	0	0	-1.55976697787558e-37	-1.83444726938169e-20	-1.19983238677788e-36	-1.06680802627083e-19	-5.41129169800228e-19	-5.2261034841358e-37	-5.88837292865835e-20	-1.88812431861808e-21	0.000917088932625583	0.00020614989374415	0.0283892588700467	0.00480942624743954	0.000630159181020303	0.0283892588700468	0
"GSM1683632"	0.26899264890566	1.98442040002796e-16	0.146244455460085	0.584762895634254	1.1207809530628e-16	1.76767137722503e-17	3.98795269057168e-17	2.88077040185485e-17	2.72645361953764e-17	1.00523816895723e-18	5.37929654214905e-19	0	0	1.00523816895723e-18	-1.37224267192506e-36	9.575196339191e-35	1.56555485796142e-17	5.26109261663275e-35	1.14861364918679e-17	1.22851123894244e-19	0.00608322471768024	0.00363849719236989	0.10834561704723	0.0246415058245888	0.00353561067821542	0.108345617047231	4.93297840566918e-18
"GSM1683639"	0.239041957457228	1.66750456604301e-16	0.0583713048716825	0.702586737671093	4.54758584307994e-17	4.74115494754061e-18	1.01463074688649e-16	1.50703685373121e-17	1.46780836404144e-17	3.3021216602631e-19	6.20727308714126e-20	-4.28944088229186e-35	1.2858748332586e-36	3.3021216602631e-19	-9.22003139554874e-36	8.11373475693724e-35	9.97464876891701e-18	-7.62521962911163e-36	4.63076809606116e-18	7.26667754361911e-20	0.000504103918871738	0.00249278378647606	0.0500296305667956	0.00534478659953917	2.13186377552819e-23	0.0500296305667959	-1.44504319645423e-20
"GSM1683640"	0.631606798454065	0.0270472578043974	0.147112398754864	0.194233544986674	0.00664174121404238	0.000526435647469916	0.0174972304547924	0.00238185048809269	0.00229632732291569	6.2286720421268e-05	2.32364447557338e-05	0	8.43856904123296e-21	6.2286720421268e-05	-9.30267243431086e-23	0.000557347281156653	0.00132549002998577	2.81503169059785e-20	0.000396928522912408	1.6561488860861e-05	0	0.0147422765873493	0.0562752794887897	0.0752498017475472	0.000845040931178025	0.0562752794887902	0
"GSM1683645"	0.436721876283307	5.13200166836095e-17	0.024206070803112	0.0492376955576409	1.28544831431789e-34	6.21891776814983e-19	4.82805329103143e-17	2.41759199648016e-18	2.33498568000078e-18	8.26063164793783e-20	6.74439737395141e-36	0	-1.95312375005776e-36	8.26063164793783e-20	3.81954283868015e-38	8.16146977720118e-36	1.45044738643949e-18	4.50339031536714e-37	8.72294535151145e-19	1.2243758410132e-20	0.000243203870252442	0.000515499502968525	0.0227987946201342	0.000648572809756805	1.36391297107983e-21	0.0227987946201345	0
"GSM1683648"	0.385557353344991	2.48087392068702e-17	0.206467751111499	0.40797489554351	2.11961085738161e-17	1.35136941081417e-18	8.47702836910687e-19	1.41355838532928e-18	1.3516210723284e-18	6.19373130008764e-20	2.45213291569457e-36	0	-8.64875502749501e-37	6.19373130008763e-20	-2.65926933845317e-36	4.31734145774964e-20	1.25774348947074e-18	4.15674079904573e-36	4.5412935773209e-20	5.29123250695294e-21	-3.28616609159188e-19	0.0268171862024126	0.0574933377594261	0.12215722714966	0	0.0574933377594277	0
"GSM1683653"	0.362010503708837	3.76209375304937e-15	0.127831588127691	0.510157908163469	1.48852064300633e-16	2.26959767385411e-17	3.43731152983289e-15	1.53234182177303e-16	1.47935609698861e-16	5.29857247844162e-18	0	0	-3.58318299435671e-34	5.29857247844163e-18	-1.81717700958589e-34	-1.30699311018951e-33	1.21952619221907e-16	-5.98768445856187e-34	2.58421975396664e-17	1.40792937288285e-19	0	0.00801022060913917	0.0786538465049651	0.041152198481953	1.53225316338853e-05	0.0786538465049668	0
"GSM1683655"	0.4800281140899	0.00655020259382713	0.0118192616163657	0.0028696800361427	-3.655500165966e-19	4.19459960060071e-05	0.00614690782244381	0.00036134877537732	0.000353613160867364	7.73561450995559e-06	-8.17330956698963e-23	3.33677255952101e-06	-4.37683210876241e-23	4.39884195043457e-06	0	-5.76531151388101e-21	0.000194004585245748	0	0.000156012761240937	3.5958143806788e-06	0.00192112503203542	0.000345808579229687	0.00608417742479386	0.00295122706094848	0.000516923519358237	0.00608417742479386	1.16765418148417e-20
"GSM1683661"	0.845490584320249	0.00510430946654826	0.0936329581377918	0.0557721480754116	0.0031125561150742	0.000190305984235388	0.000934034167052064	0.000867413200186607	0.000830996475804033	3.6416724382573e-05	0	-2.36383286757878e-21	0	3.6416724382573e-05	1.61231967649559e-21	-3.1740690558047e-21	0.000662037062629669	-2.47913722509604e-22	0.000167357016690019	1.60239648434633e-06	0.00277034338801003	0.00224678268286319	0.0537915965050835	0.0325346077058062	0.00228962785602881	0.0537915965050839	0
"GSM1683662"	0.741049921022022	2.32204962958283e-17	0.0512003306814923	0.207749748296487	1.02542861110302e-17	1.62005951193553e-18	8.67502312953066e-18	2.67112754333186e-18	2.57288791775997e-18	6.46639875878737e-20	3.3575637984017e-20	-1.49774302605579e-36	0	6.46639875878735e-20	1.35740342921738e-36	3.38909234900976e-35	1.23905553538307e-18	-4.69349032271869e-36	1.32233010807972e-18	1.15022742971846e-20	0.00146512068591167	0.000638632318913411	0.0376640277594149	0.00989467556760898	0.00153787434964324	0.0376640277594152	-2.11587790308881e-18
"GSM1683665"	0.534517253157498	3.66233003787317e-17	0.011279309249491	0.104001812416287	-5.12717129051426e-34	2.24141368928043e-19	3.42213343842261e-17	2.17782462557755e-18	2.10857458864631e-18	6.92500369312394e-20	0	1.12217819154103e-21	3.14568002584757e-20	3.66710584812226e-20	-1.0144405138641e-37	-1.46151203810888e-35	1.07885567322913e-18	0	1.01264649530939e-18	1.70724201077934e-20	0.00088731741374349	0.000305763447093435	0.00706788562236419	0.00265309081201864	0.000365251954271272	0.00706788562236425	-5.97013583182354e-17
"GSM1683668"	0.565070401243921	0.0223785176499274	0.007115758401824	0.0212734364510584	1.46273663308716e-19	0.000122355006651555	0.0210375018208912	0.00121866082238459	0.00118572911218548	2.349341491122e-05	9.43829528789222e-06	9.37336565692414e-06	4.09951409330137e-24	1.41200492542958e-05	3.47485359542701e-22	-4.29919221931758e-21	0.00088252473752479	-6.82587329263402e-23	0.000293416332436772	9.7880422239168e-06	0.000597317232446757	0.000257121986447924	0.00388144424775617	0.00225911658372828	0.00012075835144488	0.00388144424775619	0
"GSM1683671"	0.776492646946837	3.53098952184314e-17	0.0392721391830464	0.157543721742793	5.48260330127335e-18	5.28196918611024e-19	2.69341508149755e-17	2.36494418357156e-18	2.31779214306616e-18	4.71520405054044e-20	0	0	2.35042855482145e-37	4.71520405054044e-20	-1.9213820500255e-36	1.24439498112257e-34	6.89878380348991e-19	0	1.60139242893384e-18	2.65213337833184e-20	0.00113795904408254	0.00150994845785653	0.0307169524813042	0.00520291938686085	0.000704359812942232	0.0307169524813043	-2.92738896004559e-20
"GSM1683676"	0.51954535188303	0.0177573200099682	0.00329764552596421	2.7200854436222e-17	0.00392529498271382	0.000324402060088627	0.0121347624211625	0.00137286054600332	0.00130862409676102	6.42236323524818e-05	1.28168898212874e-08	-1.68613798218212e-24	2.14417640380584e-20	6.42131307705163e-05	1.05015819654009e-08	7.32444923365629e-21	0.000471434842334112	0	0.000826826317139809	1.03629372870949e-05	0.000465886016344741	0.000117446414649585	0.00168440467258309	0.000935156096471812	9.47523259149727e-05	0.0016844046725831	0
"GSM1683678"	0.637134459320725	0.028438114386884	0.00592846559481498	4.62221375486804e-18	-5.98369352809866e-19	0.000162396428450821	0.0267963083945742	0.00147940956385894	0.00141525638544768	6.41531784112511e-05	0	1.08690421664052e-21	4.9560015422534e-05	8.3017003508517e-06	6.2914626378653e-06	-1.9258632016434e-20	0.000468951702189011	4.04222783814531e-07	0.000928591449260262	1.73090112145945e-05	0.000186763810059026	0.0001110788716602	0.00379874619837494	0.00161919465100232	0.000212682063718499	0.00166926101359915	0.00212948518477579
"GSM1683683"	0.11483964899026	0.00397589763312987	0.00139720882343547	8.09906677282955e-19	2.26986770719884e-19	1.89576756758008e-05	0.00378038614643868	0.000176553811015391	0.000169449938708083	7.10387230730798e-06	0	2.36581058454635e-07	6.76400114250667e-06	0	1.03290106346652e-07	-6.15306431860479e-22	0.000139831264134644	-6.52697422064957e-37	2.90130693113719e-05	6.05605262066494e-07	6.56812691988911e-05	3.01710926952585e-05	0.00080380977503222	0.000456379871202547	4.11668153065543e-05	-6.41185155719216e-22	0.000803809775032221
"GSM1683686"	0.916308928196505	0.0195659633525901	0.0161477883451407	0.0479773201057645	-2.07737400728207e-19	9.91153615939997e-05	0.0184673599068562	0.000999488084139937	0.000970994926034313	2.84931581056239e-05	0	3.94791829389396e-06	-3.5733627309856e-22	2.45452398117299e-05	-6.01548752606505e-22	6.39779162086183e-21	0.000358322914053183	1.88117708217207e-06	0.000598290133515252	1.25007013837055e-05	0.00137356711455769	0.00051120365494355	0.00918207190044356	0.00482860785179679	0.00025233782339914	0.00918207190044359	0
"GSM1683691"	0.616325537584635	0.0276544917311748	0.0527254294443159	0.303294541239876	0.00335908068630912	0.00036227085763479	0.0222944918747829	0.00163864831244799	0.00159453659084314	4.41117216048478e-05	5.92780044438167e-22	4.00746392790707e-24	-1.99861968959911e-21	4.41117216048478e-05	-5.00377523259284e-21	-3.62258847572293e-20	0.00146103691668258	-4.07972449744223e-21	0.000108390789018321	2.51088851422437e-05	0.000854461301438685	0.000743301961708896	0.0437128429832585	0.00692377153901776	0.000491051658892098	0.0437128429832588	0
"GSM1683694"	0.692577783354287	0.0261142338115767	0.00993739196940805	0.0322221087273256	-3.1422662365761e-19	0.000557330311925971	0.0230327648259801	0.00252413867367069	0.00244584628942159	7.82923842490942e-05	-2.81983476587106e-21	-3.056092125593e-21	-1.96265418153308e-22	7.82923842490942e-05	-1.55913533474556e-20	8.40988880520346e-21	0.000904242103269671	7.14835824553931e-06	0.00150562039241329	2.88354354930961e-05	0.000558031489330243	0.000201158705525997	0.00555509736416415	0.00333273038701324	0.00029037402337442	0.00555509736416418	0
"GSM1683698"	0.657892788205668	0.025746488924076	0.0263360432146195	-1.59590278969261e-19	-1.40204228333291e-33	0.000123879378709503	0.0251158492912185	0.000506760254147992	0.000478543326438657	2.48875126026575e-05	3.32941510667769e-06	0	-3.54531885072804e-21	2.48875126026575e-05	-4.79442735663198e-23	2.46326550555515e-20	0.000241974846769996	-1.41975161491791e-21	0.00023525283943567	1.31564023299109e-06	0.00295444918205994	0.00154953946276647	0.0111673266345393	0.00988387511880125	0.000780852816452478	0.0111673266345395	0
"GSM1683699"	0.692764739324673	5.79130317752484e-18	0.0321987089117387	0.164519812213871	4.3007330249598e-35	6.16347435260925e-20	5.50854111224605e-18	2.21127321752693e-19	2.16315090470422e-19	4.81223128227007e-21	-3.83594756224273e-37	-3.59563057927202e-39	-5.95126632640906e-37	4.81223128227006e-21	1.89117988661257e-37	0	1.37713426892219e-19	-6.32163691544383e-52	7.74191094973395e-20	1.18255408086426e-21	0.000119744789284357	0.000740706036619777	0.024917420864963	0.00605857687045152	0.000362260350420112	0.0249174208649632	0
"GSM1683701"	0.682353888836257	0.0423622055407694	0.0124756758381106	0.0775013457851346	0.00299666962522212	0.000227283611666873	0.0371217997603739	0.00201645254350711	0.00195789242490732	5.856011859979e-05	2.28689550335423e-21	1.15944755645419e-22	3.13237137363594e-22	5.856011859979e-05	1.00001080667888e-21	3.91692958228397e-21	0.000874836290244204	-3.61392369616814e-21	0.00107465531653364	8.40081812946668e-06	0.000767698698043223	0.000413688400851985	0.00820918143790928	0.00259048455737032	0.000494622743935759	0.00820918143790933	0
"GSM1683708"	0.476542406937709	0.0322129277332836	0.136477189001359	0.35476747632765	0.0191293669669777	0.00137699346836752	0.00652830426534356	0.00517826303259476	0.00499876518130106	0.000179333723605623	1.64127688070957e-07	9.34473347817692e-21	-8.55701298992724e-22	0.000179333723605623	-5.31193857439673e-20	1.84773641408926e-20	0.00357536458392474	0	0.00140715138417278	1.6249213203544e-05	1.30058797406216e-19	0.0113225127613492	0.0593696639128664	0.0654882115140785	0.00029680081306484	0.0593696639128672	0
"GSM1683714"	0.751943332397401	2.9168551388977e-17	0.0686731077507564	0.179383559851842	7.77686867439856e-18	5.99680073154617e-19	1.82871771345121e-17	2.50482550691166e-18	2.40638365426019e-18	9.84418526514585e-20	-1.95387328387834e-35	4.35465257618026e-36	1.53190893458754e-37	9.84418526514585e-20	1.42477986823936e-35	2.49485758101186e-35	1.74431002504245e-18	5.7100518265027e-42	6.52955832517998e-19	9.11779669975091e-21	0.00422686858899079	0.00252424237000763	0.0490672319363591	0.0117897445180118	0.00106502033738709	0.0490672319363596	5.8534300146761e-20
"GSM1683721"	0.561044322357863	0.0232650269068402	0.020245736055194	0.0109473140613399	0.00383351533313599	0.000335175638926368	0.0176724182148059	0.00142391771997195	0.00136948351423183	3.38005309995802e-05	2.06336747405411e-05	3.00004698901089e-23	3.82638314509413e-22	3.38005309995802e-05	-1.68630006770919e-22	-8.041383134233e-21	0.00063325635123438	6.19059238887159e-21	0.000730106839961075	6.12032303637053e-06	0.00188339635685649	0.00101314334182314	0.0112208174930671	0.00564556160237274	0.000482817261074524	0.0112208174930672	0
"GSM1683722"	0.706817963765277	-4.46426959410866e-16	0.0708002445465354	0.222381791688356	-1.99907100460844e-16	-1.40724335016582e-17	-1.74844532084768e-16	-5.76028933635958e-17	-5.56429640230487e-17	-1.22716169061196e-18	-7.32767649935072e-19	2.99258190740365e-35	-4.55615502897139e-19	-7.71546187714825e-19	8.40023933203812e-36	4.73136913443525e-34	-4.46802079684353e-17	-4.49616968534154e-35	-1.08560058763056e-17	-1.06750178307696e-19	-2.38050028215098e-19	0.000271559523896999	0.0580709724027945	0.0108263803643769	0.00163133225546691	0.0580709724027951	0
"GSM1683723"	0.651342891514585	-4.70964803470666e-17	0.0457385980110446	0.302918510474371	-3.52288232102253e-18	-4.49340946160672e-19	-4.16134173247818e-17	-1.51083975510156e-18	-1.45772119189356e-18	-5.31185632080048e-20	-3.47291837930307e-36	0	4.56818698127642e-37	-5.31185632080048e-20	2.47252360801531e-37	-3.24139005155404e-36	-2.71926912420016e-19	2.90741854944182e-35	-1.18135148409006e-18	-4.44279538348494e-21	0.000993307474223889	0.00201771841254641	0.0351672850319175	0.0065668404853068	0.000993446607049965	0.0351672850319177	0
"GSM1683725"	0.635002267410203	4.13290663796803e-17	0.00414078831644966	0.0178381124720151	-3.8718925382002e-34	2.29674475262409e-19	3.89135245483861e-17	2.18586735603182e-18	2.13382368239566e-18	5.20436736361575e-20	2.31552629821977e-36	1.83139648648104e-20	-3.59517964522949e-37	3.3729708771347e-20	-3.29125994608283e-36	2.78370858992725e-19	1.65846669612972e-18	3.74081937436087e-36	1.81595219013882e-19	1.53909082593317e-20	0.000191228797144286	0.000122573879859426	0.00282079050710766	0.000911764488969385	9.44306433689059e-05	0.00282079050710767	-2.6954270802013e-20
"GSM1683731"	0.551245823289809	1.36857675963296e-16	0.0583809665266661	0.390373210183524	6.23176413336037e-33	2.48169270088651e-18	1.21641189026083e-16	1.27347942363275e-17	1.24397602789961e-17	2.95033957331321e-19	2.20913465234914e-35	2.92540959987713e-20	0	2.6577986133255e-19	6.41383610521697e-36	-5.64391232508439e-35	2.5364417011853e-18	0	9.86522327286534e-18	3.80953049454603e-20	0.0034934173199343	0.00233472200207158	0.0437795821780437	0.00834907809872296	0.000424166927893507	0.043779582178044	-6.53900828968114e-21
"GSM1683734"	0.454251939979983	2.2340554612405e-15	0.142661607273739	0.313641171523523	8.53737142270948e-16	6.61649432837584e-17	1.06825269813012e-15	2.45900677555671e-16	2.43486659332067e-16	2.41401822360384e-18	4.64286283001297e-50	0	3.38756963320755e-34	2.41401822360384e-18	4.35514525161731e-35	-7.25602897919425e-33	1.73580465382983e-16	0	6.70663393807853e-17	2.8398545682987e-18	2.12955792606522e-19	0.0160277474496204	0.0564530335015405	0.0701808263225779	-2.77410438170071e-18	0.0564530335015409	-5.46850535888914e-21
"GSM1683742"	0.191367783838916	6.67925292815885e-16	0.0966133462659963	0.662368911130504	1.70793751979375e-16	1.60585294477031e-17	4.18053937187159e-16	6.30190742016469e-17	6.01708078422896e-17	2.84826635935727e-18	1.47863954614047e-35	7.75855748267992e-34	8.19574216865051e-37	2.84826635935727e-18	-2.26115627223908e-34	3.23355281355892e-17	2.62757874559785e-17	3.02236882427401e-33	1.43782780925455e-18	1.21664441467356e-19	0	0.004758073816353	0.051527116846463	0.0399675641247144	0.000360591478465903	0.0515271168464635	-5.77314891844817e-20
"GSM1683746"	0.331290673700515	-1.87117502150683e-16	0.222397549381389	0.413085266290416	-1.5825776243341e-16	-1.13258430656939e-17	-8.20719941599641e-18	-9.32669723558276e-18	-9.10232076255194e-18	-2.24376473030827e-19	9.26553592238444e-36	0	-5.61041639416566e-36	-2.24376473030827e-19	-4.57897619924113e-36	-3.12490979299017e-19	-5.39846319257338e-18	0	-3.3658406794888e-18	-2.55259111907545e-20	-1.35610756699555e-20	0.00818064131369469	0.0703563250113817	0.143860583056312	-2.91334452958029e-18	0.0703563250113823	-2.02856477066052e-18
"GSM1683749"	0.747337493084537	0.0512714605582437	0.0600673786589469	0.141323667698275	3.22699025605176e-20	0.000280323463377226	0.0498584758138057	0.0011326612810607	0.00108035872689515	2.81165097819022e-05	2.41860443836399e-05	0	5.71868334079352e-22	2.81165097819022e-05	-1.377538013392e-22	3.38592504399945e-21	0.00069588400044994	-1.58134770906276e-21	0.00038079728080634	3.67744563887225e-06	0.00153802967343582	0.00115779469646821	0.0364531062127462	0.020010368994275	0.000908079082021717	0.0364531062127464	-6.84667390079652e-19
"GSM1683752"	0.541665656985267	-7.76590015528494e-16	0.0444339686680759	0.413900374346662	6.60699592038343e-33	-4.85882599204122e-18	-7.28676545871886e-16	-4.30546436645661e-17	-4.19630936848431e-17	-1.09154997972301e-18	0	-5.22433708862383e-35	-4.25748402522306e-19	-6.65801577200705e-19	-1.21383234023383e-35	6.32140194483206e-34	-1.94450982189672e-17	-3.66549199477208e-20	-2.2214797832227e-17	-2.6654271370111e-19	0.000880895880760454	0.00159538320401189	0.0375290051394031	0.00395251376629276	0.000476170677607609	0.0375290051394034	0
"GSM1683753"	0.643689404048314	1.11904036472987e-18	0.127351990725215	0.228958605226734	1.02948681564896e-19	1.42989458568437e-20	9.56805251679434e-19	4.49874856286969e-20	4.37849849278795e-20	1.20250070081737e-21	0	-2.49859002224997e-37	0	1.20250070081737e-21	-3.73035875626339e-37	-1.04936981382215e-36	1.00922309322657e-20	3.06069262973024e-24	3.35708532071647e-20	1.18840095819375e-22	4.22707897773699e-20	0.00280024146753884	0.0845468753490153	0.0400048739086613	0	0.0845468753490158	3.24294402054364e-21
"GSM1683754"	0.589659214390226	0.0205059408088162	0.128839747830874	0.260995096970084	0.0129633598697439	0.00179967743707643	0.00273350861784745	0.00300939488414839	0.00291238974903671	9.70051351116787e-05	0	-7.34987676172828e-20	0	9.70051351116787e-05	2.25632295963677e-21	3.01852306517564e-20	0.00205651417195238	-3.05625164573046e-21	0.000824881039045417	3.09945380389238e-05	0.00239034827294327	0.00158609713934807	0.0766005892214264	0.0454021332639908	0.00286057993316579	0.0766005892214271	-2.50965064581267e-19
"GSM1683756"	0.694821058061456	0.00623708060724188	0.0206281505200257	0.0454138967471536	0.00104176787881467	0.000196097141741793	0.00458464951603741	0.000414566070647995	0.000388416654087787	1.53889089814615e-05	1.07605075787423e-05	-1.84311960122033e-23	-7.99608146483492e-21	1.53889089814615e-05	-3.85796006675535e-22	0.000334385666425784	-4.67114538755642e-20	8.62262114768444e-20	5.31643862329084e-05	8.66601429093667e-07	0.00205609226345052	0.00097307744796006	0.00974219546333997	0.00740020726431311	0.00045657808096208	0.00974219546334004	0
"GSM1683758"	0.607129319872116	0.0193522883919598	0.0107736929683975	0.0151099975475835	-7.38714289403395e-20	0.000120046180501621	0.0181416410807329	0.00109060113072521	0.00106143707866632	2.91640520588868e-05	2.23976271001365e-22	0	0	2.91640520588868e-05	-2.26031715792547e-21	1.0745628726887e-20	0.000478028997272841	6.20345106282135e-06	0.000534264621189182	4.29400091414793e-05	0.00052497697972946	0.00027810803278408	0.00675676443387935	0.00303007519282487	0.000183768329179719	0.00675676443387936	-1.21591262568923e-20
"GSM1683764"	0.539777986847328	4.31006689457511e-16	0.0913616392998436	0.323225759629531	1.19936535342386e-16	6.67810623558384e-18	2.57953381469005e-16	4.64386664105367e-17	4.54473859900658e-17	9.91280420470898e-19	0	0	2.776531624972e-36	9.91280420470897e-19	-4.62431520976795e-36	8.50347678503431e-18	3.34233423950149e-17	-1.97122818754256e-35	2.45396924891957e-18	1.06659756109695e-18	1.68213009415581e-19	0.00499933870965554	0.0474153227956263	0.0389469777945617	2.72408036598347e-20	0.0474153227956265	-3.16857062014e-21
"GSM1683767"	0.909871440595842	1.06817170033534e-16	0.045226363973152	0.0449021954310065	3.57035067633076e-17	2.71889227236692e-18	5.71169386819949e-17	1.12778323158648e-17	1.09398409365162e-17	3.37991379348586e-19	0	0	-2.3560737641961e-36	3.37991379348586e-19	-1.76972003945131e-35	-5.90130521730504e-35	8.92910070794135e-18	-6.53145320134519e-35	1.97766400830356e-18	3.30762202713278e-20	0.00146358748931754	0.0019164768457068	0.0302444414494909	0.0107844257926066	0.000817432396030067	0.0302444414494911	0
"GSM1683773"	0.603843844818684	0.0147374956919991	0.0990730790553769	0.282345580433941	2.00613021449625e-19	0.00012369800832312	0.0140662970906677	0.000547500593008283	0.000524254079145304	1.53359283930524e-05	7.91058546992585e-06	-1.45102106713483e-23	-2.12930832148665e-24	1.53359283930524e-05	1.14117571883426e-21	2.73786996289976e-21	0.000435370112552915	0	8.73231949401155e-05	1.56077165227419e-06	0.000401598968589875	0	0.0745706534531277	0.0239069191463582	0.000193907487301102	0.0745706534531281	3.63128434293596e-20
"GSM1683774"	0.787196475380906	0.0104544376829953	0.0332411780287951	0.108549611573111	0.000663644272994307	9.4521730294999e-05	0.00923487532739858	0.000461396352307421	0.000446932086173004	1.44642661344163e-05	4.02810629648504e-22	1.49240991928564e-21	-1.67383199466815e-22	1.38573584000786e-05	6.0690773433768e-07	-1.83157825287807e-22	0.0003213738872726	3.07720445726084e-22	0.000122866689159568	2.69150974083499e-06	0.00390807709240263	0.00140405069136641	0.0210719864806422	0.00628066827300077	0.000576395491383144	0.0210719864806424	7.94838557605463e-20
"GSM1683775"	0.386375441615485	6.57658429405126e-16	0.109131908919715	0.50449264946471	8.99148530766679e-17	1.01419208814267e-17	5.19102674724722e-16	3.84989807223088e-17	3.71812712112762e-17	5.9927883789189e-19	7.18430673140661e-19	-1.70961879870794e-35	-9.92222624678581e-38	5.99278837891889e-19	2.52568914334644e-37	3.78525940450122e-35	2.67998712280964e-17	9.91593984287417e-35	1.00879037040269e-17	2.93496279152935e-19	0.00133812154060834	0.00636646901786259	0.0752958345712966	0.0245177611024906	0.00161372268745693	0.0752958345712971	-4.70416968985868e-22
"GSM1683777"	0.678492899586394	4.25079234282879e-17	0.0261399290754556	0.106028885425725	1.6368144145026e-35	4.66489879878233e-19	4.05889086797085e-17	1.45252486870115e-18	1.42782426585716e-18	2.47006028439825e-20	4.13091837442344e-37	0	-2.22566994995737e-36	2.47006028439825e-20	1.26513028750605e-36	5.05214568315482e-19	9.15709691500278e-19	0	6.90000604140201e-21	-2.28484225918409e-37	0.0024755529618278	0.00105157072359757	0.0155611827727994	0.0065345455155969	0.000517077101633956	0.0155611827727996	1.61807976918365e-18
"GSM1683779"	0.697667378717459	1.75258094500901e-17	0.0711236247932793	0.231208996489262	7.76330953086858e-18	6.61438807215118e-19	6.73155672124278e-18	2.36950439076367e-18	2.2413026600552e-18	8.15168084827545e-20	4.66849222257264e-20	1.45025503363226e-35	1.28464591781378e-20	6.86703493046167e-20	-1.67203581592984e-36	4.29110779906545e-36	1.20231133249472e-18	2.7474445885507e-36	1.02522474983507e-18	1.37665777254147e-20	0.00159445171777006	0.00037757138624716	0.0580976699911001	0.00971680662721676	0.00133712507094519	0.0580976699911007	-2.30891238272684e-19
"GSM1683782"	0.435065190207759	-9.25378249391515e-17	0.103200600183671	0.461734209608579	-5.09147335827309e-17	-2.86419245935958e-18	-2.62402346829266e-17	-1.25186642141345e-17	-1.20683878811252e-17	-4.50276333009319e-19	0	7.76190445602691e-37	-4.70595567321311e-36	-4.50276333009319e-19	1.46450109987131e-36	-1.19671718498047e-17	-2.96787326149901e-20	8.84941108865916e-34	-6.73492227376583e-20	-4.18807596782041e-21	-4.76686760615959e-19	0.000446470776438092	0.0623122954652757	0.040106419173312	0.000335414768645125	0.0623122954652766	0
"GSM1683786"	0.209479716980667	-2.50612680996338e-16	0.19299836339566	0.597521919623677	-1.72429264582552e-16	-2.44965024499394e-17	-3.81043347296673e-17	-1.55825792341793e-17	-1.51391622469376e-17	-4.43416987241689e-19	5.20900342339679e-35	0	3.04393033798527e-36	-4.43416987241689e-19	3.17798391428285e-35	2.31373507035711e-34	-1.09679635944379e-17	0	-4.06133455141864e-18	-1.09864101081028e-19	3.539443781062e-19	0.0217115564685785	0.108766368237296	0.0625204386897857	5.91855329112016e-20	0.108766368237297	-7.11088688095829e-18
"GSM1683791"	0.624025073975129	1.02753658820777e-17	0.0497938427940761	0.10483684304693	-2.41346594710491e-35	1.07869464334163e-19	9.61009055718871e-18	5.57405860554859e-19	5.4900321213446e-19	8.40264842039801e-21	0	2.91525429504877e-38	-3.71307132710641e-37	8.402648420398e-21	-5.63061608000993e-37	2.42492672105765e-35	4.69658949020502e-19	1.9504495495306e-36	7.75634847206265e-20	1.78077839333143e-21	0.00422864698314615	0.00195677041346893	0.0306052301706011	0.0118672535147905	0.00113594171206935	0.0306052301706012	0
"GSM1683793"	0.74799116149578	0.056714504341179	0.0103997478204175	0.0452550676452328	6.28764524720903e-20	0.000415575850536801	0.0496942186441814	0.00660470984646073	0.00643212285406586	0.000172586992394866	0	3.25147661762059e-21	-6.96779377668893e-22	0.000172586992394866	-2.41452810655484e-20	2.53702512857558e-37	0.00440426988048073	-8.70351040241656e-36	0.00198585110711487	4.20018664702744e-05	0.000502606535465184	0.000294323140217531	0.00567250893882438	0.00354744380514025	0.00038286540077016	0.00567250893882443	1.67732794443952e-19
"GSM1683794"	0.284213105535878	3.30701896461134e-15	0.0984084408438242	0.617378453620297	5.1341330434125e-16	5.38875579255947e-17	2.46231258017958e-15	2.77405522164932e-16	2.7193539104895e-16	5.47013111598141e-18	0	5.99140620207162e-34	-2.08831108648957e-37	5.47013111598141e-18	8.03038131060302e-34	6.97469356423956e-17	-1.75924200276951e-34	1.84376039379402e-32	2.01177094099565e-16	1.0113613069896e-18	0.000418498522341211	0	0.0760998720837559	0.0214652378637412	0.00042483237398598	0.0760998720837564	-2.00073099078661e-20
"GSM1683797"	0.838585389630691	0.0023873968196158	0.0115186832171022	0.0217298193063325	5.72331039852003e-21	1.22769641655552e-05	0.0022842818303792	9.08380250710417e-05	8.8646768467052e-05	2.19125660398952e-06	0	8.57126865234536e-07	6.90434767958918e-23	1.33412973875498e-06	2.00921953711763e-22	-3.27670601588244e-21	4.27908980245325e-05	6.21583517941137e-23	4.54138304682674e-05	4.42039974252038e-07	0.000150436663708206	0.000122511132520444	0.010387106816672	0.000763576931120292	9.50516730812277e-05	0.0103871068166721	3.97674615964087e-21
"GSM1683798"	0.809765115283673	-1.00554399010624e-16	0.0120543597629529	0.178180524953376	-1.1310154505898e-33	-6.28688641483671e-19	-9.47915309302049e-17	-5.13417943893581e-18	-4.99954175243761e-18	-1.34637686498207e-19	2.00657416736824e-36	-1.60757663979966e-35	-1.65781162867402e-20	-1.18059570211467e-19	-1.72622893738142e-36	-1.73456448941595e-35	-4.44551269650519e-18	2.6183761829296e-36	-5.26146016763427e-19	-2.78830391689792e-20	0.000245972323804642	9.10836706010089e-05	0.0109532204104378	0.000665077224618267	9.90061334912001e-05	0.0109532204104378	0
"GSM1683800"	0.403803431211891	0.0166119893509039	0.00334242066972921	-5.65755797940744e-18	-3.77853111017025e-19	0.000108253132659914	0.0157221636099171	0.000781572608326318	0.000758566534289343	2.30060740369752e-05	-1.35408343873929e-22	1.73596768782125e-06	1.05923458205274e-21	2.1270106349154e-05	-1.23683114131229e-21	6.1046379879785e-22	0.000262887493219115	2.94405024684269e-06	0.000480333567730563	1.24014230928222e-05	0.000154471104647507	7.52408085184718e-05	0.00184727182889364	0.00116877273351479	9.66641941547944e-05	0.000860078885161436	0.000987192943732206
"GSM1683802"	0.628405869369068	0.0187130341651773	0.00936810729701779	-8.70872379895133e-18	1.50036989265622e-19	0.000101758874467004	0.0179966151374992	0.000614660153211146	0.000584879757604878	2.97803956062682e-05	1.17765988010638e-21	6.74762716310919e-06	5.65463067051473e-06	1.73781377726442e-05	1.65314404422624e-21	1.71328757210201e-21	0.000350844923558918	2.52941470111876e-23	0.000231097871754861	2.93696229109795e-06	0.000284922787905463	0.000191397549094407	0.00803623018578859	0.000672124300116278	0.000183432474113043	0.00333390418469389	0.0047023260010947
"GSM1683803"	0.450767567942286	-1.08947512811935e-16	0.0592532730272952	0.199944965198528	-3.16379860709313e-17	-2.51880810689286e-18	-6.43018794245589e-17	-1.04888392095517e-17	-1.02474400032249e-17	-2.41399206326826e-19	1.17820510862809e-36	0	-1.89341914561488e-36	-2.41399206326826e-19	-1.26623742752608e-35	2.62118499037681e-34	-3.44775639209334e-18	-5.88647837690601e-20	-6.63232535020433e-18	-1.08493477158179e-19	0.000809313172873449	0.0021386698535142	0.0413832918793218	0.0140206466444527	0.000901351477133065	0.0413832918793222	4.10039921323769e-18
"GSM1683805"	0.634060247492172	-7.17599969607017e-18	7.1801610963712e-19	0.230623936620444	-3.37301590642722e-35	-5.18680043020914e-20	-6.72238382165403e-18	-4.01747870114046e-19	-3.88678580304816e-19	-1.30692898092297e-20	0	-7.86745930620531e-21	0	-5.20183050302439e-21	1.72704288559178e-36	2.58577427266903e-35	-9.15360536852097e-20	0	-2.9212264571978e-19	-5.01988089982583e-21	2.79038448122705e-20	1.66417970483511e-20	4.71422064188777e-19	1.85688618710462e-19	1.6359784877258e-20	4.7142206418878e-19	0
"GSM1683807"	0.793045209699139	0.00823592005824305	0.0809385513801939	0.117780318862426	0.00419098045698068	0.000645760131160914	0.00233455895057288	0.00106462051952858	0.00101284547485641	5.17750446721612e-05	1.18780782741158e-21	0	-3.12787669141178e-22	5.17750446721611e-05	2.93938577330636e-20	4.17970481428067e-22	0.000594905086448149	-1.76194368341062e-22	0.000412820558057326	5.11983035094126e-06	0.000735660045900759	0.000116018955326363	0.0735706285167987	0.00611557238308055	0.000400671479087569	0.0735706285167991	0
"GSM1683814"	0.209949742255778	0.0103216649856592	0.00309995889001203	3.14804398977488e-19	9.09521949962033e-27	5.38978868280248e-05	0.00980421404571935	0.000463553053111795	0.00044508311182173	1.84699412900656e-05	-3.50281985762301e-23	6.85815532326009e-06	-1.8126744916262e-21	1.16117859668055e-05	-1.89213470371909e-21	3.89774149214831e-21	0.000164234248883054	1.39994971678029e-06	0.000273899067805587	5.54984541630856e-06	0.000205739105826014	8.59053575976495e-05	0.00232117300966498	0.000445298040499383	4.18433764240037e-05	0.000963732580635941	0.00135744042902904
"GSM1683817"	0.850546523918879	4.81568357325844e-17	0.0303499698064355	-1.06500282682842e-17	3.53598132925626e-35	2.46934436311432e-19	4.59813227425649e-17	1.92857855370796e-18	1.79605022574975e-18	6.55451403859253e-20	6.6983187572261e-20	1.52746176936187e-20	5.02277934804733e-36	5.02705226923066e-20	-4.77898834798873e-36	7.29169846795672e-35	1.34362373799126e-18	0	4.46100369494635e-19	6.32611826385266e-21	0.000734043466217759	0.000150556094533633	0.0261642604463607	0.0027752009082245	0.000525908891098944	0.0261642604463609	5.31002729910642e-20
"GSM1683824"	0.83917441131059	0.0145738498968457	0.0399477412772714	0.106303997515292	-1.90852279740765e-19	4.34712102376512e-05	0.0139786694195857	0.000551709267022391	0.000534223731753534	1.74855352688575e-05	0	7.29659088679893e-23	9.78229676821948e-23	1.74855352688574e-05	-1.15101826718013e-21	1.79364346354551e-20	0.000263032818497202	0	0.000268759702361404	2.43121089492755e-06	0.00208737497791553	0.0024407478451	0.02142738967385	0.0126891830258648	0.00130304575454095	0.0214273896738501	1.21588374299244e-19
"GSM1683837"	0.61581200016607	-9.03191380065209e-17	0.0914178048339621	0.292770194999969	-3.52693526660483e-34	-1.33717766006892e-18	-8.31724500554396e-17	-5.80951029101241e-18	-5.59882599442002e-18	-2.10684296592392e-19	0	-3.92917660963659e-37	-1.08720091874682e-37	-2.10684296592392e-19	1.1537397203824e-35	6.52258512371331e-36	-2.49224311813086e-18	-1.35585583497685e-21	-2.95195911731914e-18	-1.5326790313505e-19	0.00404188747869351	0.00413082087448174	0.0644793555578375	0.0182763989323985	0.000489341990550846	0.0644793555578384	0
"GSM1683845"	0.528717466086785	2.38254244181855e-17	0.128490513218234	0.342792020694982	3.70066059280277e-19	2.84272288410863e-19	2.2294877839105e-17	8.76208231389354e-19	8.5544441245954e-19	1.69770692700253e-20	3.7867496597892e-21	0	1.70415171425193e-36	1.69770692700253e-20	-6.2724268083101e-37	2.20323862496412e-19	6.02043511535332e-19	-1.46185771459251e-36	2.76570496400927e-20	5.41998878770325e-21	-5.81336448445607e-20	0.00229585056732222	0.0422373349379776	0.0839573277129337	-4.67428880644583e-20	0.042237334937978	-3.28868606769862e-19
"GSM1683848"	0.918632940670367	0.0649902164199487	0.0163768429097459	0	0.0382158776035921	0.00294691408665887	0.01249689530131	0.0113305294283877	0.0109768320971849	0.000353697331202815	1.36533930937693e-20	-2.13723430124202e-20	-1.21405175898753e-21	0.000353697331202815	1.02094888723021e-20	0.0109768320971849	-1.52728308199428e-19	-5.4165747758604e-19	6.58485681122977e-21	0	0.000336562024847792	0.000133570652080724	0.0131173808535338	0.00239628530190636	0.000393044077377234	0.00790001144515329	0.00521736940838047
"GSM1683850"	0.414339356417517	0.0244138742062899	0.00638514336591184	-2.1224356518961e-18	-1.37887299598454e-19	0.000164558977643548	0.023073173705442	0.00117614152320444	0.00112757052053513	4.85710026693121e-05	2.04028031137386e-21	1.55812914660515e-05	8.20172077397497e-22	3.29897112032605e-05	2.8224033662162e-21	-6.094562600565e-20	0.000787862261354825	-2.93475810649978e-22	0.000332032818166523	7.67544101377749e-06	0.000392701165143028	0.000183342544058277	0.00432393617090569	0.00136086257966604	0.000124300906138805	2.16384126286657e-21	0.00432393617090572
"GSM1683852"	0.811118097320661	-3.23593310574264e-17	0.0418573877729611	0.147024514906383	-1.80715019509162e-17	-1.26026723955807e-18	-7.52549325221473e-18	-5.5020686147374e-18	-5.25012867286757e-18	-2.51939941869822e-19	9.54456759242015e-36	3.85596347570335e-36	-6.15908144464913e-20	-1.90349127423331e-19	-7.01007536445943e-35	-1.5111982155696e-18	-3.6645205345501e-18	3.89617389679211e-35	-7.44099227478774e-20	5.34028452397982e-50	0.00231414855589462	0.00211005400192546	0.0275648351597645	0.00877097539862183	0.00109737465675467	0.0275648351597646	-1.06214660366765e-20
"GSM1683853"	0.368139546411356	0.0145072385203323	0.00608864559221232	0.0241211449715542	-3.23457264955873e-20	0.00015791303426638	0.0135365371578266	0.000812788328239291	0.000776223821126425	3.65645071128658e-05	1.16080465113281e-21	1.17701023344804e-05	7.64598785021152e-23	2.47944047783853e-05	2.51822836567167e-22	5.23914850949292e-21	0.000465574415596402	-1.04985626142995e-21	0.000305990163719986	4.65924181003838e-06	0.000219280549476811	0.000147924240101358	0.00359827578582243	0.00198691346956903	0.000136251547242691	0.00202792672964097	0.00157034905618145
"GSM1683856"	0.650732937935616	1.03573897478243e-15	0.0759406522702637	0.273326409794225	0	8.28823394346611e-18	9.87576169892696e-16	3.98745709462675e-17	3.83775379746702e-17	9.34287433062506e-19	5.62745538534759e-19	2.19046843295219e-36	1.71578291363394e-37	9.34287433062506e-19	1.32928518315309e-34	1.17841250559957e-33	1.78129581328688e-17	0	2.03186456093161e-17	2.45934232485359e-19	0.00138851896553984	0.0044487533025294	0.0584972837767871	0.0104888011704565	0.00111729505495067	0.0584972837767875	6.60378947980394e-18
"GSM1683857"	0.668389844695861	0.00130090884168652	0.0239652073957411	0.129550594797934	-1.16412551533808e-20	1.22167764897114e-05	0.00119043851627639	9.82535489204205e-05	9.45040900683489e-05	3.74945885207151e-06	7.23236784171047e-22	1.29772055600168e-23	-1.073054653886e-22	3.74945885207151e-06	3.46647279107192e-22	4.38975853841218e-06	8.73170765100085e-05	1.76197465953656e-23	2.45558349965957e-06	3.41671520268733e-07	0.000626266494521182	3.44788894850248e-05	0.0208215010824102	0.00226014937905403	0.000222811550270621	0.0208215010824105	-2.94734390791149e-16
"GSM1683858"	0.450756047078349	0.0113307062027209	0.00226523766201836	-1.58060453266009e-18	8.1105398864914e-20	8.14386984697232e-05	0.0107111761158664	0.000538091388384722	0.000522236938032087	1.58544503526343e-05	0	3.7949737910443e-06	-8.03787768466635e-24	1.205947656159e-05	-1.77590724644094e-21	0.000127949806113086	0.000352910949635672	5.74484923367296e-22	4.01280761596184e-05	1.24810612371048e-06	9.56549172416508e-05	5.41978289801567e-05	0.0012496204146238	0.000792404415980966	7.33600851917861e-05	0.00124962041462381	0
"GSM1683870"	0.785683953443045	0.0180236236786038	0.00417323924282514	-2.84327334277103e-18	0.00151523895221965	0.000177443470309106	0.0156774598106033	0.00065348144547171	0.000627070323782783	2.6411121688926e-05	1.41931057226534e-21	9.16319856413204e-23	-1.99501543978623e-22	2.6411121688926e-05	1.99657222626964e-21	0.000626774578758266	1.58781336081185e-20	-5.10017434642576e-23	-1.38747940325469e-22	2.95745024516569e-07	0.000181151538478928	0.000126159618459604	0.00210324326504033	0.00160324398607559	0.000159440834770689	0.00103172610262852	0.00107151716241181
"GSM1683874"	0.503539020022695	-3.36211449803882e-17	0.0232509928545516	0.0120421220903326	-4.40509012117122e-18	-4.45635082137932e-19	-2.70599551882723e-17	-1.71046458880678e-18	-1.6709473233366e-18	-3.95172654701578e-20	-1.71086743852633e-37	0	-2.76192404492351e-37	-3.95172654701578e-20	-4.52579620479653e-36	-6.03139190858559e-36	-1.23376136108821e-18	-9.25901110718553e-37	-4.27093651386188e-19	-1.00923108622001e-20	0.00134149459685798	0.000858223208024362	0.0152538712817085	0.0050774362611079	0.000719967506852846	0.0152538712817086	0
"GSM1683877"	-5.84988152650229e-18	0.00261980755628089	0.00272313153400178	0.573624579365814	3.15848295004811e-43	1.29100524419476e-05	0.00254026280215933	6.66347016796138e-05	6.43754944357664e-05	2.25920724384741e-06	-7.18154895622778e-23	-1.07051740827414e-21	1.18523898082849e-06	1.07396826301892e-06	2.89386184540889e-22	4.02610711541632e-22	2.78841488989036e-05	1.5541452026214e-07	3.54246496593894e-05	9.11281357211228e-07	0.000127137954900742	6.02692231996153e-05	0.00196339953644837	0.000508446095783605	6.38787236694559e-05	0.00196339953644838	0
"GSM1683879"	0.847218709479902	0.0278659342635522	0.00952379022208702	0.0240221211888133	4.19179802930699e-19	0.00015926082238171	0.0265505909666899	0.0011560824744806	0.00112943659349121	2.66458809893849e-05	0	0	-1.49870118466711e-23	2.66458809893849e-05	-1.33826341345201e-23	-8.43694416940072e-35	0.000894953988199073	-7.55075257900343e-22	0.000229505835366965	4.97676992517386e-06	0.000582960511529719	0.000265373647273728	0.00716945764927135	0.001386059461532	0.00011993895248021	0.00544438471157325	0.00172507293769813
"GSM1683883"	0.333167460683243	0.0144675976469653	0.00334779879502337	2.72917556098301e-19	-1.48680249457121e-19	8.4741695745813e-05	0.0134329640490211	0.000949891902198363	0.000899735196169992	3.35689046397805e-05	1.65878013885914e-05	-7.39270542315852e-23	3.28984123512774e-05	1.13528401692593e-23	6.70492288502958e-07	5.03023651728942e-21	0.000448659131539986	4.47379529714045e-06	0.000436131485364495	1.047078396837e-05	0.000303027290295518	0.000113505489083563	0.00181060684744405	0.00106485127220992	5.58078959903177e-05	0.000271615030197987	0.00153899181724607
"GSM1683888"	0.513796343741671	-7.54985447848414e-18	0.116856499843371	0.369347156414958	-2.18889558252534e-18	-1.6838158315829e-19	-4.53623656102168e-18	-6.56340751778832e-19	-6.44262706582955e-19	-1.2078045195876e-20	2.06478728775559e-37	3.05928490837005e-39	-1.52953432813527e-39	-1.2078045195876e-20	-6.70466193446238e-37	-4.70880036793151e-37	-1.63888214789457e-19	1.39702205225726e-37	-4.58364609503281e-19	-2.20098822902177e-20	0	0.00397981418362982	0.0740935353752446	0.0381567130379483	0.000626437246548063	0.0740935353752451	-6.31505276240954e-18
"GSM1683891"	0.505392596567116	0.0166530834516858	0.0125024684042636	-3.9593974007472e-17	-7.69508264202786e-19	8.62352318621459e-05	0.0160056390550779	0.00056120916474572	0.000543816559623287	1.73926051224324e-05	0	3.37331186080257e-06	-1.54389922836249e-22	1.34668366129293e-05	5.52456648700507e-07	2.78481845210681e-20	0.00042512203899192	6.68510940873858e-22	0.000117403056299973	1.29146433139342e-06	0.000809057732583949	0.000328892427046407	0.00919961796411522	0.00178083098592442	0.000384069294593561	0.00646823274354068	0.00273138522057485
"GSM1683894"	0.651174940299682	0.0322189824372171	0.00566825806941923	-2.01909182642626e-18	-9.78488854450358e-19	0.000288869509421558	0.0292272739694244	0.00270283895837116	0.00249320402531394	7.99933265528741e-05	0.000129641606504338	-6.12433143419754e-22	7.26616578461095e-05	7.33166870676423e-06	-1.93290254214438e-20	-4.53001940727262e-21	0.000487214445585885	6.57166568790299e-06	0.00198207185443006	1.73460596100929e-05	0.000369732505421094	0.000142629609971704	0.00380381132883916	0.00128677035406942	6.53142711178471e-05	0.00185286932437102	0.00195094200446814
"GSM1683895"	0.570849895986336	0.0463373169491509	0.0135319158853835	-1.06547123880985e-18	-8.10701422835078e-20	0.000274156222370745	0.0432554983164744	0.00280766241030567	0.00271967114178985	8.79912685158211e-05	0	-3.97835392631696e-21	7.4364958721094e-05	1.36263097947271e-05	8.97246504601918e-22	-4.66198460143264e-20	0.00130848268673568	1.17993868278763e-21	0.00139831785290052	1.28706021536369e-05	0.000388748129221424	0.000109687490806753	0.010475612515951	0.00239078320502511	0.000167084544379152	0.0104756125159511	0
"GSM1683903"	0.50409787164245	2.06243022343941e-16	0.05001852773018	0.445883600627373	0	2.54922065024604e-18	1.95506911986665e-16	8.18688970702974e-18	8.00996032539189e-18	1.7692938163784e-19	0	3.82395171894808e-35	3.66880208500879e-20	1.40241360787752e-19	1.50561300628127e-35	-2.26180189786851e-34	7.3144794821969e-18	1.95131925774981e-35	6.56221985818163e-19	3.9258857376819e-20	0.00128761898978722	0.00221998178299965	0.0358773145104991	0.00994707972081993	0.000686532726074049	0.0358773145104994	1.96601456074653e-18
"GSM1683904"	0.775113181754842	-2.91586712976903e-16	0.0953525090119696	0.129534309233191	-1.17539975660827e-16	-1.92197535614062e-17	-1.23938344448678e-16	-3.0888639305992e-17	-2.98338735716215e-17	-9.04752998932561e-19	-1.5001273543803e-19	-3.36781099063395e-36	5.62220466712843e-37	-9.0475299893256e-19	-3.3031231610155e-35	1.30910397775085e-35	-2.03186805511343e-17	1.18743674859123e-35	-9.44175957861027e-18	-7.34334418769053e-20	0.00218730588112954	0.000917973248825288	0.0713497040871612	0.019477183458041	0.00142034233681255	0.071349704087162	0
"GSM1683905"	0.472271440024862	-4.06098486310946e-17	0.128457156472021	0.399271403503118	-2.45085000323774e-17	-5.75441305715985e-18	-1.03313618513415e-17	-1.5573690215948e-20	-1.49696555151246e-20	-6.04034700823448e-22	0	-2.3203481996981e-39	0	-6.04034700823448e-22	-1.99930613848278e-38	-9.13018071318258e-21	-4.06398304642874e-21	-7.21361101881968e-37	-1.760944682469e-21	-1.45470730442654e-23	0	0.0113141651740516	0.0654852780050389	0.0515865209055055	7.11923874248391e-05	0.0654852780050402	-1.49849794826893e-20
"GSM1683907"	0.661918305234008	0.0797495152713365	0.0819947644685924	0.176337415026064	0.0673156851714172	0.00487830977185358	0.00242434448109433	0.00513117584697142	0.00483295099144984	0.00029822485552158	0	-3.8063956936152e-22	-1.72651440328011e-20	0.000298224855521579	-1.07823481866188e-20	0.000557269900001011	0.00409051490292196	2.70182931732276e-20	5.90832879229109e-05	0.000126082900603962	0.0011214703464735	0.000316307087082791	0.0438939118690683	0.0364695078272912	0.000193567338676575	0.0438939118690688	-2.37644800860393e-19
"GSM1683909"	0.839625235635325	0.0190923608332658	0.0402399782571886	-6.03866042742427e-18	-1.36950370489216e-19	0.000248906364861592	0.0175085206320617	0.00133493383634244	0.00125091112407709	4.49556335230125e-05	3.90670787423408e-05	6.42839652247463e-06	-3.85917385023286e-22	3.85272370005378e-05	0	9.29405303301172e-20	0.00048388399578609	3.32448950744127e-20	0.000752198797767484	1.48283305235145e-05	0.000654178039606209	9.10592727700315e-05	0.0371447840510403	0.0021226718294481	0.000227285064323907	0.0371447840510406	1.65300463391163e-18
"GSM1683911"	0.805308834211217	0.00986435248492722	0.13309752157725	0.0517292917266071	0.00413181302674797	0.000239916279003458	0.00456092928970792	0.000931693889467872	0.000897652923248379	1.40700708303221e-05	1.99708953891706e-05	-6.22664718411608e-24	-4.3888377877942e-23	1.40700708303221e-05	-1.90841397084628e-23	1.3686461741056e-21	0.000747352776775678	-3.29529762531251e-21	0.000142682170081347	7.6179763913541e-06	0.00705851396289938	0.00436437004091869	0.081482932718008	0.0390155340961596	0.00117617075926442	0.0814829327180093	-1.23853355556595e-18
"GSM1683913"	0.67127731607305	0.0418687788069032	0.0145310697554749	-4.35714662143367e-18	3.73591769541668e-21	0.000285063548394195	0.0397310316097012	0.00185268364880774	0.00180149789002409	5.11857587836472e-05	1.94022510453934e-21	6.43508036457224e-06	0	4.4750678419075e-05	-4.29340993064932e-22	0.000815066453168937	0.000941480853101543	3.08061724118576e-21	4.29756846913268e-05	1.97489906228727e-06	0.000608553555888711	0.000365502413466485	0.00792471716736068	0.00515596461962208	0.000476331999136952	0.00792471716736071	0
"GSM1683914"	0.716696159169366	1.3857095482422e-16	0.00530690428098524	0.165423213007081	1.58842718651821e-33	7.0964686899164e-19	1.30276266477916e-16	7.58504147731276e-18	7.29527729052551e-18	2.89764186787232e-19	0	-9.62856240305062e-36	2.19755189426593e-19	7.00089973606385e-20	-7.21650561054887e-36	2.07041159944911e-18	4.50239133213126e-18	0	7.04595783780691e-19	1.78785751644503e-20	0.000374409863683974	0.000154632347950311	0.00360125515104389	0.0011071793761393	6.94275421677583e-05	0.00360125515104391	0
"GSM1683917"	0.251122015348347	3.00052711974328e-16	0.313872874840154	0.435005109811499	2.8775543737667e-16	1.22972745976572e-17	2.40641679257043e-34	-2.40564109089398e-34	-2.28327117197993e-34	-7.77357606458083e-36	-4.46341582682454e-36	5.24665946563057e-54	-2.63592379339205e-53	-7.77357606458083e-36	-5.93565649804654e-53	1.19433915918056e-52	-1.60365746709103e-34	-7.71611088196153e-53	-5.93005138967066e-35	-8.66085659218323e-36	0.00100408957532263	0.00631857646471253	0.0852571755656471	0.221293033234472	1.92317324581262e-19	0.0852571755656477	2.55828802633167e-18
"GSM1683919"	0.693844341029161	0.0331299652783724	0.00684589918694334	-7.71956008487622e-19	2.09883608261719e-18	0.000257837505546918	0.0309721445722769	0.00189998320054854	0.00179359520075313	7.00517840556378e-05	3.63362157397761e-05	8.94705829516712e-06	3.86782686300121e-05	1.91361823831772e-05	3.29027474728134e-06	5.04739248551257e-21	0.000529659937287664	0	0.00124277698594872	2.11582775167432e-05	0.000255818911900741	0.000122992110200605	0.00581887361355604	0.000604155615954569	4.40589353313847e-05	0.00534310184873076	0.000475771764825272
"GSM1683922"	0.527964743713218	0.0144326816344291	0.00252860504403675	-2.34436582609922e-18	2.84601494109081e-19	0.000106648572665499	0.0135861296859872	0.000739903375776386	0.000717374996771679	2.25283790047069e-05	4.54462589369158e-22	3.35327404248764e-06	0	1.91751049622193e-05	-1.07596176580704e-21	4.95333386997392e-05	0.000615244608872236	1.18541161705254e-22	5.10811962960566e-05	1.51585290364597e-06	0.000128809226732904	6.26938891121391e-05	0.00138382064651609	0.00088524884136058	6.80324403150374e-05	0.0013838206465161	-7.43604681983991e-22
"GSM1683929"	0.821671872318641	0.0431364691318087	0.0221139948937914	0.0515715322024386	4.43815404588495e-19	0.000440008488991323	0.0417821706092212	0.000914290033596066	0.00087539062124802	3.61189030740862e-05	2.78050927395884e-06	1.8032677246697e-23	-3.69646969047915e-21	3.61189030740862e-05	1.09060116147666e-22	0.00048394057295098	0.00034230897496561	3.88432015274422e-20	4.6203497848023e-05	2.93757548340734e-06	0.000589947212403729	0.000201781258645752	0.0188415477516208	0.00186992476958918	0.000610793901531978	0.0108249777749601	0.00801656997666062
"GSM1683934"	0.611953183646697	8.41237589248732e-17	0.031387525728491	0.306520363099437	6.92522974346563e-17	4.97822160583082e-18	4.16233915764492e-18	5.73090072674119e-18	5.55205703015096e-18	1.78843696590225e-19	2.83268343527202e-35	0	0	1.78843696590225e-19	1.54252270067823e-35	5.04669436315693e-35	3.13011414560397e-18	-2.04852475155702e-35	1.85305993021842e-18	5.68882954328579e-19	0.00143836541855348	0.000976911147988521	0.0175434226657261	0.010938558669702	0.000490267826520853	0.0175434226657262	2.26679667765739e-19
"GSM1683937"	0.356908598739102	0.0175157811054938	0.00316491671312176	-2.87215020889511e-18	-6.93658874828059e-19	0.000112484777363419	0.0166093190632852	0.00079397726484516	0.000760733034938544	3.32442299066153e-05	0	4.65663588817218e-06	2.88347730298879e-23	2.85875940184432e-05	1.88706588187633e-22	2.97674010525417e-20	0.000579249924405046	1.69941513075027e-06	0.000173026544883732	6.75715051901572e-06	0.000100062553505929	5.88951886235928e-05	0.00218485383244892	0.000734971767897271	8.61333706460489e-05	0.000302823424598545	0.00188203040785037
"GSM1683939"	0.894712821882612	-1.36480651926808e-16	0.0227922913523433	0.0824948867650734	4.45958347381438e-41	-1.24151868522083e-18	-1.27454610187322e-16	-7.78452305426484e-18	-7.59227762640516e-18	-1.92245427859678e-19	0	-8.6694012478794e-38	5.33024756700592e-37	-1.92245427859677e-19	1.10892220101728e-36	-2.77460210962368e-35	-3.99035645529444e-18	-3.18747850301546e-36	-3.53771103477598e-18	-6.42101363347199e-20	0.00148989937160045	0.00058975069652558	0.0159945694630449	0.0044396285426399	0.00027844327853247	0.0159945694630449	0
"GSM1683941"	0.889864347076639	0.0184505825512467	0.0137445441693568	0.0779405262027632	0.000300754001712519	7.82272487903539e-05	0.0178253071391297	0.000246294161614139	0.000235766656673587	1.05275049405524e-05	-4.12803268828792e-23	0	-1.02406164940828e-22	1.05275049405524e-05	-9.03484836165426e-23	5.27082894823051e-05	0.000170349057309868	2.87723176711678e-22	1.08505716822173e-05	1.85873819919547e-06	0.000541740347165224	0.000638745068250221	0.00919465842767953	0.00310790335212127	0.000261496974140535	0.00493034744592328	0.00426431098175625
"GSM1683942"	0.775855123443649	0.0375507692331781	0.010997340234189	0.0598948158972859	0.0117323052517731	0.00100227300732246	0.0210184498261748	0.00379774114790774	0.00366195196434757	0.000135789183560166	0	0	8.48358783554326e-23	0.000135789183560166	-4.02561058725642e-22	0.00298129902952487	0.000591060747126852	-2.80478722128556e-19	7.85536024493296e-05	1.10385852465222e-05	-9.17276800338202e-21	3.8879664157199e-05	0.0109307482564858	-6.99321584544226e-21	2.77123135459318e-05	0.0109307482564861	4.22016473771858e-20
"GSM1683943"	0.917856367978113	1.20397104714979e-17	0.0434180876326011	0.0387255443894279	7.68669833329688e-18	1.08055164238359e-18	1.6614264803932e-18	1.61103401542427e-18	1.54031139541747e-18	7.01632907440418e-20	5.59329262754942e-22	-1.26976759025255e-37	1.16952275082663e-36	7.01632907440418e-20	-1.20820315204879e-35	-3.74316660507027e-36	1.13153322698482e-18	5.70305959398008e-36	4.03502739788155e-19	5.27542864449038e-21	0.0011656124337048	0.000499024601888006	0.0285837269341804	0.0118196478095525	0.00135007585327529	0.0285837269341809	-5.30185923602327e-19
"GSM1683944"	0.880072512565191	9.65744420584943e-17	0.00870051762124798	0.111226969813562	9.73692877469152e-35	1.45133043777591e-18	8.79546783808392e-17	7.16843323987922e-18	6.99804233394882e-18	1.54128016704904e-19	1.62628892254822e-20	8.2631819557181e-21	-2.13895591106994e-36	1.45864834749186e-19	-7.14985675386662e-37	-5.73361469843717e-35	3.52570833092223e-18	4.28820460708042e-37	3.41218549122787e-18	6.01485117987154e-20	0.000181905775891987	0.000165509278824013	0.00700884369493837	0.00117983626515713	0.000164422606436491	0.00700884369493839	-2.08259781845946e-20
"GSM1683945"	0.837390566104579	2.89113289223316e-17	0.031487406175648	0.131122027719778	-6.08170979277122e-34	6.52505288019318e-19	2.52472357996928e-17	3.0115878346195e-18	2.88883663991807e-18	1.2275119470142e-19	2.21809294376704e-36	6.28836420873996e-36	0	1.2275119470142e-19	-6.32741837428697e-36	6.0812728248765e-19	1.86412996858659e-18	1.66311588652997e-36	1.11624804162394e-19	3.0495458468144e-19	0.000389388064941178	0.000721389044937477	0.0285571570273294	0.00181455189217932	4.92014626056666e-06	0.0285571570273296	7.85787906156166e-21
"GSM1683947"	0.666205291621793	0.00185191064084151	0.0974002065498132	0.201576340686454	0.000285271600451567	2.77574793739171e-05	0.00141670995790646	0.000122171603109567	0.000116812915362184	3.42294829221212e-06	1.93573945517107e-06	-1.48446718988877e-24	8.42237024950265e-23	3.42294829221212e-06	2.78430730658834e-24	-3.35342835724294e-21	5.70808903855996e-05	-1.8173741610502e-22	5.87799451431326e-05	9.52079833451935e-07	0.00220385660927557	0.000845434784008898	0.0762389386458166	0.0157869547252199	0.00232502178549212	0.0762389386458173	-5.82493900647003e-18
"GSM1683950"	0.748851378533531	0.0524724141328533	0.0165081267430571	-1.40347280727313e-17	0.00614785002276171	0.000408662614335193	0.043798663045429	0.0021172384503274	0.00205152836845708	6.57100818703242e-05	7.41623018296574e-21	0	-2.13588343931195e-22	6.57100818703242e-05	-5.3211396590781e-21	0.00205152836845708	6.85873238037811e-20	-5.17441260570671e-20	2.71050632192139e-20	9.52435303022474e-22	0.00165605737792012	0.000686618697285415	0.00805885570144896	0.00579442999083705	0.000312164975565514	0.00805885570144902	-4.04540562793619e-20
"GSM1683951"	0.68714298940281	0.0380016001472522	0.0748978736921667	0.0698310328629888	0.0285148785345817	0.00268841899098158	0.00306173229781827	0.0037365703238707	0.00357005323477085	0.00012180046536711	4.47166237327417e-05	-1.33378963526819e-22	0	0.00012180046536711	8.48778145743832e-23	0.00205339489516029	0.00133324906232457	-1.25949484883576e-19	0.000150189968927105	3.32193083588805e-05	0.00317891916607813	0.00261530151907105	0.0399603778500917	0.0283772548667852	0.00076602029014057	0.0399603778500918	0
"GSM1683959"	0.741765028703506	-3.43240087571236e-18	0.00875965714318418	0.249475314153314	-6.74845300004586e-36	-3.74879068020938e-20	-3.23020413637284e-18	-1.64708832537417e-19	-1.59898481701515e-19	-4.81035083590191e-21	0	0	1.66158839668189e-36	-4.81035083590191e-21	2.34092361521042e-37	1.25732448359712e-36	-6.24532517476758e-20	0	-9.62365981718018e-20	-1.20863178203759e-21	0.000308524463508505	0.000146410762495916	0.00715199575020446	0.00104732446111466	0.00010540170586065	0.00715199575020454	-6.32760132927557e-18
"GSM1683960"	0.210083690621254	1.79785134349685e-17	0.00337126846509868	0.0607005413085296	-3.46117542449459e-35	1.57789845255911e-19	1.68347968945184e-17	9.85926695194218e-19	9.33543755519282e-19	2.79075089633213e-20	2.4475430711615e-20	-5.53664084397507e-38	9.54975649045807e-21	1.83577524728632e-20	-2.26128451416294e-36	-4.24370708719521e-36	5.26949577061632e-19	3.59759284388633e-22	4.00869558630559e-19	5.36486054270178e-21	0.000154069718025427	0.000155119518614699	0.00206668732898324	0.000902418682945551	9.29732165297585e-05	0.00206668732898326	3.82324801228092e-21
"GSM1683962"	0.682653002909802	-5.43904591356813e-17	0.0822107888385455	0.235136208251676	-9.79365060884668e-18	-8.26833272146981e-19	-3.97701389496886e-17	-3.99983630499891e-18	-3.82147795511332e-18	-1.78358349885585e-19	1.3878487709829e-35	0	0	-1.78358349885585e-19	-1.41737216294556e-35	1.72568954360388e-35	-2.9547817033973e-18	1.52467272336586e-35	-8.54859049066821e-19	-1.18372026492105e-20	0.00243273182006175	0.000685761016287422	0.0689264240100646	0.0092975238756412	0.000868348116490439	0.0689264240100649	3.23772195426079e-19
"GSM1683963"	0.746236037895072	0.0582603369313039	0.0609726134089462	0.134531011764678	0.0500249344744899	0.00312968378165648	0.00169955178834183	0.00340616688681574	0.00323720480609853	0.000168962080717208	0	0	-1.05106519515558e-19	0.000168962080717208	3.55670037058079e-23	0.00182898979304478	0.00108513665339183	-5.28778954592853e-19	0.000292098741250099	3.0979618411808e-05	0.000569814669671621	0.00280803122079052	0.0397766105793088	0.0172252636463083	0.000592893292866837	0.0397766105793095	3.0144744437861e-18
"GSM1683964"	0.648674359547969	-5.76062490963501e-18	0.0801859754746482	0.11342579936461	-1.56183902630554e-18	-1.44597038158943e-19	-3.52981212740032e-18	-5.24376717770214e-19	-5.06043468279394e-19	-1.83332494908192e-20	1.69767057597323e-36	-5.44029034935416e-38	0	-1.83332494908192e-20	6.513640884852e-37	-3.34905139074743e-19	-1.44160636187201e-19	2.59478156138097e-36	-2.51539502490927e-20	-1.82374276835765e-21	0.00200107147320421	0.00454513519943091	0.0422483950276141	0.0293250307746448	0.00206634299975405	0.0422483950276142	0
"GSM1683973"	0.617453302904695	0.0262052483128857	0.0410969624023113	0.110465968402668	-5.87905307594978e-19	0.000133920243301638	0.0249181705277529	0.00115315754183123	0.00112297165533119	3.01858865000129e-05	0	6.20703309771551e-06	-9.21424019279449e-22	2.39788534022974e-05	7.13999635929977e-22	2.35249491484399e-21	0.000674947305282165	3.39612441984057e-21	0.000439661187775763	8.36316227326315e-06	0.00183374983118732	0.00129316305172236	0.0309065623616818	0.00655901092865311	0.000504476229066749	0.0309065623616819	0
"GSM1683977"	0.688565767466256	0.0766265620598984	0.024066106757983	0.035514475072213	1.15821669866401e-19	0.000378116371476941	0.074033513224471	0.00221493246395049	0.00215031810363306	6.46143603174291e-05	0	9.89073485751186e-06	0	5.47236254599172e-05	-4.98160588390113e-22	1.47129157660678e-20	0.00122566190797821	0	0.000905288349444671	1.9367846210174e-05	0.00117467809744307	0.000703547377366254	0.0124504320267569	0.00902994533798344	0.000707503918433291	0.012450432026757	0
"GSM1683978"	0.76464206742897	2.20470837751673e-16	0.124635348941714	0.110722583629372	4.41305495773439e-17	3.88170864099113e-18	1.57030444238259e-16	1.54281352950784e-17	1.48129994210183e-17	6.15135874060092e-19	-7.85260444206564e-36	-8.86741700797745e-38	-4.07932296422073e-35	6.15135874060092e-19	-1.01691219285238e-35	-3.02094492876985e-36	1.16934274302762e-17	7.30640804877158e-37	3.06772185397391e-18	5.18501367681975e-20	0.00105537405920068	0.00633149742899354	0.0813135792165997	0.0354094892687955	0.00052540896812466	0.0813135792166003	0
"GSM1683980"	0.8004514421531	0.0963314280693469	0.0270666743686583	0.0761504554088965	0.00445882089657541	0.00087868054768388	0.0875119803653107	0.00348194625977768	0.00334887180023538	0.000133074459542297	-5.58184668141594e-21	0	4.70940087978727e-20	0.000133074459542296	-2.73802134430435e-22	0.00105509854137752	0.00174512740787874	-2.83345148961141e-21	0.000539820524969434	8.82532600968919e-06	0.000769849173126356	0.000135062590799253	0.0230833593488338	0.00251876155836924	0.000559641697529711	0.0230833593488339	-6.65363027094985e-20
"GSM1683982"	0.761002516758162	0.0665617662551449	0.0181378704369177	0.154297846549777	0.0570442297523942	0.00371360627834755	0.00240027228022493	0.00340365794417819	0.00323627969373237	0.000167378250445819	0	0	-5.43970742735889e-22	0.000167378250445819	-7.3083373818693e-21	0.00157181426110646	0.00155613093249205	-1.26243615425904e-20	0.000105319499365153	3.01500076870724e-06	4.21501678551793e-21	3.36092688421152e-21	0.0129656108925656	0.00506642120836517	0.00010583833598699	0.0129656108925659	-1.04166025863276e-19
"GSM1683983"	0.425529338752678	-1.62858655146688e-18	0.00308017735410768	0.0615021134215439	4.3934932998786e-36	-8.44768374373863e-21	-1.56789914871841e-18	-5.22397190047285e-20	-5.14471159692695e-20	-7.92603035458925e-22	-3.95270014202498e-38	-3.29333873475559e-23	-3.50856783976042e-22	-4.08812864135327e-22	-3.43736773185269e-40	-5.07156924526393e-20	0	-6.91816408400948e-38	-6.66652141636575e-22	-6.47713749936596e-23	0.000480353378425477	0.000198044395251215	0.00127485936304116	0.00102315616536566	0.000103764052024164	0.00127485936304116	2.10064880317753e-20
"GSM1683987"	0.899843359883572	-3.34283086735641e-17	0.0217332666161779	0.0784233735002512	-2.77098237984818e-17	-2.02533838494679e-18	-1.34860589741255e-18	-2.34454059272297e-18	-2.29341673529878e-18	-5.11238574241878e-20	0	-7.47695291355175e-38	0	-5.11238574241878e-20	-6.73262085682765e-38	-8.07587948136497e-19	-1.43488022009054e-18	7.4973811986448e-36	-4.70307410201068e-20	-3.91782605163053e-21	5.77496285214188e-05	6.33909252269662e-21	0.0145564580289592	0.00706934818285982	4.97107758375072e-05	0.0145564580289593	2.94634813147488e-21
"GSM1683990"	0.726470689831383	0.0100326542809996	0.0858287675054094	0.177667888382209	0.00846546751473833	0.000565205550849143	0.000398576841134082	0.000603404374278018	0.000585064687658063	1.83396866199545e-05	-6.9928828820957e-22	-4.18534387708204e-23	-6.36285698433856e-23	1.83396866199545e-05	-9.77601724816652e-22	-1.87694787971123e-21	0.000251839875686793	-1.98244334481434e-21	0.000329404642378281	3.82016959298928e-06	0.000574067120342065	-3.10689544010652e-20	0.0795693150681919	0.00568538531687544	0	0.0388776687235887	0.0406916463446032
"GSM1683991"	0.556310993897058	-1.52116326553146e-18	0.00560699200973716	0.0873294166331425	-3.85999476330522e-20	-7.15386447973559e-21	-1.42990645045486e-18	-4.55030029638114e-20	-4.38670648475532e-20	-1.63593811625819e-21	0	1.22491712562801e-36	8.86968494890226e-40	-1.63593811625819e-21	-9.23584622983115e-38	-3.62713866866836e-21	-3.31469824671299e-20	5.80203167418647e-39	-6.97352387703869e-21	-1.19419834716293e-22	0.000322519215061773	0.00022218560727098	0.00418555731883147	0.00081783068172559	5.88991868473434e-05	0.0041855573188315	-2.77973143319715e-20
"GSM1683994"	0.715163593814532	2.60804352411959e-17	0.0238776804962803	0.0623932432500137	-2.31533177124665e-34	1.61828233754449e-19	2.43501908541913e-17	1.56841615325016e-18	1.51765170355571e-18	5.07644496944469e-20	0	2.58081616735771e-21	0	4.81836335270892e-20	-2.33635082275834e-36	-3.20358456525274e-35	1.05988013967561e-18	-1.40816220498349e-37	4.5111519245007e-19	6.65637143002921e-21	0.00182840352372624	0.000756128409411291	0.0159060152192245	0.00503724505877574	0.000349888285142566	0.0159060152192246	9.60500964802502e-20
"GSM1683995"	0.10412943794075	2.90813333639518e-17	0.0177112568137584	0.251142764324904	7.43363975179523e-18	6.56483673253059e-19	1.78950013399901e-17	3.09620859891339e-18	2.97880665192656e-18	8.9090022800086e-20	2.83119241867381e-20	3.00938394086701e-36	0	8.9090022800086e-20	2.18257456241272e-35	-1.08458325534754e-37	1.86879011003544e-18	-2.82376487666768e-35	1.09495044506985e-18	1.50660968212659e-20	0.000121981492724324	0.000129377687214874	0.0073834514049489	0.00974552172438004	0.000330924504490252	0.00738345140494895	2.91010895255205e-20
"GSM1683996"	0.232351386445026	-1.45457836516441e-17	0.0540855454071247	0.313760947763266	-1.18631308335214e-17	-7.79988679240964e-19	-5.89313077323737e-19	-1.31335106155792e-18	-1.28636499915622e-18	-2.69860624016976e-20	0	-6.12830612738386e-38	0	-2.69860624016976e-20	-3.75319754256809e-37	-2.52347360007023e-19	-9.56376685414024e-19	5.84382578503053e-37	-4.80709365124413e-20	-2.95700172227324e-20	-1.54673596847986e-19	2.76661320304406e-05	0.00851772552145314	0.0455401537536411	4.44023478847434e-20	0.00851772552145325	2.5752470684832e-19
"GSM1683999"	0.514960585430801	2.77098095585958e-16	0.165885900650172	0.319153513919028	1.70334809398709e-16	2.42646519411949e-17	3.81348037609983e-17	4.4363830485056e-17	4.27401499280013e-17	1.62368055705461e-18	0	0	1.97259444118116e-36	1.6236805570546e-18	-2.88605577356355e-36	9.15808045684153e-18	3.22429287418711e-17	1.75813762378684e-33	1.32609231821491e-18	1.30484110737708e-20	9.99998390958269e-20	0.00194425611473976	0.112680508800068	0.0508135162601624	0.000447619475201801	0.112680508800068	-8.91623035913161e-20
"GSM1684001"	0.66439112845966	0.0178675496514361	0.11747230604558	0.200269015843328	0.0084907221655712	0.000535900574077814	0.00682777854227144	0.00201314836951565	0.00193693886339282	2.8791493349424e-05	4.74180127734026e-05	-1.43281266319342e-21	9.61275371927474e-06	1.91787396301493e-05	-4.40549371058791e-22	5.73794843185143e-20	0.00115850032403093	0	0.00076769980632949	1.07387330324088e-05	0.00280967513739363	0.00102077362891781	0.0972922081331574	0.013672673095228	0.00267697605088354	0.0972922081331581	0
"GSM1684005"	0.545016068290759	0.0252211508156505	0.00658879871522049	0.0437628070918653	-4.23934125677103e-20	0.000227445036619455	0.0226236777974099	0.00237002798162115	0.00230826224244818	6.17657391729679e-05	0	3.37437869828832e-21	6.17657391729678e-05	-6.23168487784187e-21	0	1.36945250963037e-19	0.000975744739291155	8.57085579904975e-21	0.00132196464255242	1.05528606045925e-05	0.000346404578929358	0.000193644485694253	0.00558074756930166	0.000421213380376467	4.67887009187434e-05	0.00558074756930171	-4.80140941435482e-21
"GSM1684007"	0.179754081905484	-4.25657913397068e-18	0.103752515624427	0.716493402470091	-1.92486323624386e-35	-5.49216424812461e-20	-3.64912935881726e-18	-5.5252813267217e-19	-5.38329140072843e-19	-1.25729289775595e-20	-1.62606362176675e-21	5.11554594415805e-36	0	-1.25729289775595e-20	1.90649332822811e-36	2.16361277683257e-36	-4.76957721205889e-19	-9.89195630366387e-38	-6.13714188669537e-20	0	7.78062646515694e-20	0.00797464765714647	0.0598647821798448	0.0359130857874323	-1.41624808031282e-20	0.0598647821798461	1.22616942318803e-19
"GSM1684008"	0.681527152427508	4.63495065554217e-17	0.0893083902280617	0.229164457344453	-2.13598124367194e-35	5.26950064093411e-19	4.30671491985203e-17	2.75540729280796e-18	2.64830819599582e-18	1.07099096812129e-19	-1.28913640453123e-35	-1.54743778377355e-35	0	1.07099096812129e-19	-1.6122249723912e-35	8.17163160841765e-36	1.55007100795568e-18	3.5988343998995e-35	1.08436707843901e-18	1.38701096011343e-20	0.00205046760888579	0.00362961548650175	0.0687419261946415	0.0132199528360975	0.00166642810193506	0.0687419261946421	5.77096779363855e-20
"GSM1684017"	0.514460152039957	0.0503743436182839	0.0513713052542366	0.383794199087523	0.0415145791576268	0.00267158476364324	0.00168715606843261	0.00450102362858123	0.00438683797919258	0.000114185649388656	1.27468952500197e-20	0	0	0.000114185649388656	0	1.31040605278035e-20	0.00193986723555865	-9.07077438634508e-21	0.00238869346592575	5.82772777081729e-05	0.00172874261914927	0.00085700072935027	0.0289918463155038	0.0174981933579614	0.00229552223227182	0.028991846315504	-8.28330157267647e-22
"GSM1684023"	0.640416355200642	-8.13897990580047e-17	0.110038993308328	0.171361708604255	-1.03037891694015e-18	-4.80389052895505e-19	-7.67867347249861e-17	-3.09229636318296e-18	-3.0120175369088e-18	-8.02788262741519e-20	0	2.86440577749889e-35	0	-8.02788262741518e-20	1.03873791554623e-36	-1.71019803798807e-34	-3.34702139630935e-19	6.20446671081257e-35	-2.61097001800973e-18	-6.63453792681393e-20	1.60737160192978e-18	0.00525252404710576	0.0622148791538856	0.0425715901073371	-2.55936373435261e-20	0.0622148791538859	0
"GSM1684028"	0.0617551091682979	8.00062084529013e-17	0.200868698715254	0.737376192116535	6.6151019982767e-17	4.38265139579961e-18	3.19298381900956e-18	6.2795532553252e-18	5.89199371144571e-18	2.96117749202105e-19	9.14417946773699e-20	6.82332572013083e-37	-1.42966634580387e-37	2.96117749202105e-19	7.35244933312733e-36	-3.80402364580084e-36	1.8992986825959e-18	0	3.93891715187525e-18	5.37778769745585e-20	0.00521769859149474	0.0051322687923125	0.155583388871906	0.0293416064601328	0.00559373599940754	0.155583388871908	0
"GSM1684032"	0.761007738454706	2.01379620717847e-20	0.0670088650162983	0.171983396528996	3.21042669237397e-21	5.78295415446774e-22	1.46236648104653e-20	1.72557515349873e-21	1.60545287147324e-21	4.18832609394818e-23	7.82390210860001e-23	-7.94293592247981e-40	9.36004017549115e-42	4.18832609394818e-23	-4.45443702194572e-39	2.83667006953886e-39	1.01825410878147e-21	-3.68295635701406e-39	5.75372216710112e-22	1.18265459816569e-23	0.00173995295678912	0.000378941517954309	0.0542719495591818	0.00915691399648783	0.0014611069858851	0.0542719495591828	7.52772580882367e-20
"GSM1684034"	0.86567676374679	1.3317746574742e-14	0.0713128274655933	2.13861731860417e-17	2.0119012861375e-16	5.73758239959085e-17	1.25119625636579e-14	5.47218058474478e-16	5.2230239490715e-16	2.49156635673281e-17	-3.90600864198926e-34	2.0346140583792e-18	2.91222544234879e-34	1.81697076373621e-17	4.71134187158677e-18	3.42565204862314e-16	1.73167352151111e-16	-4.39652555107827e-32	6.32994203216617e-18	2.39895861557985e-19	0.00693230102328638	0.00435013551273345	0.0308358373978298	0.0268350100472024	0.00235954348454122	0.03083583739783	0
"GSM1684036"	0.542816309170223	-4.46197828653275e-17	0.0571139419987931	0.400069748830986	-1.14302931975148e-17	-8.51248478148594e-19	-2.80419949185009e-17	-4.29624627116315e-18	-4.25138998762179e-18	-4.48562835413592e-20	2.10029750459124e-35	5.99103206025112e-36	0	-4.48562835413592e-20	-2.48854098361529e-36	2.62351411221024e-35	-1.67575337905382e-18	-1.74938321540282e-20	-2.51963057526025e-18	-3.85122011536831e-20	0.000564380641042721	0.00272677343342757	0.0445428344291483	0.00888381417975054	0.000396139315423956	0.0445428344291486	0
"GSM1684038"	0.725933811826933	-1.47975248828619e-17	0.132384555095183	0.141681633077886	-7.73795980474948e-35	-1.29053145604239e-19	-1.38958133514739e-17	-7.72658385783752e-19	-7.48268566040017e-19	-2.43898197437344e-20	1.34034864072942e-36	0	-2.6565113664294e-37	-2.43898197437343e-20	-1.17725738473024e-36	-2.77113756330627e-20	-6.84150174749291e-19	-8.31329628016014e-36	-3.37600680150804e-20	-2.64694764258307e-21	0.00229283085635807	0.00133284051832192	0.0928132945280053	0.0345558133232764	0.00138977586922113	0.0928132945280061	-9.12175876539781e-20
"GSM1684043"	0.449918993213084	0.031325961311669	0.0122396639584094	-7.72350780570493e-18	-5.50589296378061e-20	0.000769014993289992	0.0269593458766031	0.00359760044177594	0.00336140343575562	0.000119242135089788	0.000116954870930534	-3.28305646528276e-21	5.20976731073489e-05	6.7144461982439e-05	5.97467088132375e-21	-1.43722764628179e-29	0.00148063540582028	1.39121636387657e-05	0.00183510197821325	3.1753888083331e-05	0.000381467091380321	0.000101134017351592	0.00756611932679344	0.00398471132017329	0.00020623220271076	0.0034144707311918	0.00415164859560164
"GSM1684044"	0.495355264947094	4.70159055624792e-18	0.0573685402097216	0.0840689008773863	-5.93076924230519e-35	6.78672096161259e-20	4.20291130351499e-18	4.30812043116809e-19	4.14965388486821e-19	9.94830059633738e-21	5.89835403365016e-21	-8.79536308374823e-37	-2.16249369342601e-40	9.94830059633739e-21	-1.41045318898026e-36	3.20924526480359e-36	2.5818849069384e-19	3.72931597892045e-36	1.54198052679631e-19	2.57884511335067e-21	0.00599075882991551	0.00452272311818744	0.0294933747657999	0.0160977124644093	0.00126397103140943	0.0294933747658	0
"GSM1684045"	0.522304845483715	3.00186454450103e-16	0.0176807102008652	0.460014444315427	1.4026775772171e-16	9.92735925655002e-18	1.11163522925515e-16	3.8827814546329e-17	3.71467985600214e-17	1.68101598630755e-18	-2.99682220327079e-34	0	-3.39010290836945e-38	1.68101598630754e-18	1.13429546185069e-34	1.43712388055898e-34	1.57748534221957e-17	0	2.11551636122287e-17	2.16781525596992e-19	2.56023831262896e-20	0.000593347691662525	0.00822706931842838	0.00879086706832361	6.94261224506439e-05	0.00822706931842843	-1.23501662165414e-19
"GSM1684047"	0.484575953854492	0.00997502730567072	0.0219040971469643	4.53973590295283e-18	-8.18340873818785e-20	0.000142545664088055	0.00910215484838013	0.00073032679320253	0.000689846078853226	2.5377207501384e-05	1.51035068479192e-05	-4.49282897413935e-21	-2.88919963553219e-23	2.5377207501384e-05	-8.62231384714445e-22	3.8350209471306e-21	0.000402916237102126	-1.22949792229804e-21	0.000282818182794775	4.11165895632256e-06	0.000767870287451373	0.000252328534693423	0.0163123321328207	0.00398768912481673	0.00058387706718208	0.0163123321328207	0
"GSM1684062"	0.893132016571065	0.0433333277131388	0.0087010713007296	0.0548335844150669	0.0198884247462866	0.00150776401987043	0.0153600546561927	0.00657708429078905	0.00633310489024788	0.000168721358259198	7.5258042281981e-05	-1.0612128631958e-22	2.05536596528256e-22	0.000168721358259198	8.00449768201479e-21	4.24382232685822e-20	0.0042395954530929	1.33118621142423e-21	0.00207268206201431	2.08273751406748e-05	0.000408262407825187	0.000218270292990868	0.00636935236456035	0.00144293758892896	0.000262248646424247	0.00636935236456038	0
"GSM1684064"	0.659390081650063	0.00464485027151057	0.0551914745627358	0.0224175036492125	1.06488461699387e-20	2.71112256008327e-05	0.00448045653268546	0.000137282513224268	0.000132808293709526	2.06648842748558e-06	2.40773108725607e-06	0	-2.32260766433605e-24	2.06648842748558e-06	1.12871890819258e-22	2.84899093648456e-23	8.39735711436579e-05	-9.15549276543511e-30	4.82563025133534e-05	5.78420052515025e-07	0.00516639268112591	0.00357986637598904	0.0273168271668325	0.0177467873905885	0.00138160094819978	0.0273168271668332	0
"GSM1684068"	0.619385531566062	0.0704787710571316	0.112219108573999	0.197916588802808	0.0496358033060159	0.00726343861577484	0.0110121671492855	0.00256736198605543	0.00248118581295655	8.61761730988731e-05	0	7.5399735233086e-22	-7.91398136497422e-23	8.61761730988731e-05	-8.41776131473632e-24	0.000793134087939531	0.00149857294654148	3.47120668661497e-20	0.000102718885468585	8.67598930069532e-05	0.000109301876985161	0.0095784997785718	0.0573854794122255	0.0451458275062167	0	0.0573854794122262	1.1561407654894e-18
"GSM1684069"	0.649031478033132	0.0974777851256053	0.0236880682726924	0.229802668568573	0.0208990437707375	0.00171541727138331	0.0647248260362499	0.0101384980472345	0.00966384626793979	0.000474651779294658	-3.24860951398314e-20	0	-9.03341001887048e-22	0.000474651779294658	9.0327448023707e-22	0.00574008641764984	0.00364222921075733	1.2999743933494e-18	0.000206940370444117	7.45902690885025e-05	0.000281256561514446	8.44879803398225e-05	0.0207342099116145	0.00256933022774071	1.87835914829162e-05	0.0207342099116147	1.90461368420957e-19
"GSM1684074"	0.57522008905713	0.0908697417954204	0.102823204682743	0.231086964464712	0.0550395461210754	0.00757627694750415	0.0120320875026961	0.0162218312241447	0.0155868305417024	0.000635000682442296	-1.37446632351455e-20	0	-2.63738229726821e-21	0.000635000682442296	3.64938419808344e-20	0.0142445027333675	0.00134232780833492	-1.11583764939498e-18	-1.12914684766381e-19	-8.79873194140463e-21	0.000700014328348765	0	0.0802162637888189	0.0213832475433123	0.000523679022263249	0.0802162637888195	0
"GSM1684078"	0.770187380303444	0.0510577112990833	0.0847050101286304	0.0940498982688431	0.0110621966759249	0.000802323345564665	0.0345925460451757	0.00460064523241798	0.00441794441844113	0.000155883611431432	2.68172025454099e-05	-3.35871663943474e-21	6.18358529837758e-05	9.4047758447656e-05	4.31494902114881e-21	-1.16771679216589e-20	0.0030169391761337	2.32640025699127e-20	0.0013750955638697	2.5909678437735e-05	0.00247659682150851	0.000780533566810359	0.0645238759665936	0.0148162915710026	0.00210771220271515	0.0645238759665944	0
"GSM1684082"	0.774305268662161	0.0116235561722933	0.0492712149247142	0.0437909805412087	3.50080882985701e-19	9.77173455790761e-05	0.0108103843171281	0.000715454509586126	0.000695708857067408	1.97456525187168e-05	0	3.93597761235077e-06	4.55038450240418e-22	1.5809674906366e-05	8.48839081323714e-22	-3.19775226587715e-21	0.000560787677402877	-5.6615331156393e-22	0.000133046525462336	1.87465420219471e-06	0.000465816025524931	0.00195518531954997	0.0454411036046199	0.00140910997501936	-2.12680149631473e-20	0.0454411036046201	0
"GSM1684085"	0.696527498615933	0.024030419794051	0.101784966697455	0.128962179353091	0.0147134756484769	0.00103134898480626	0.00451454183907429	0.00377105332169353	0.00360709113391071	0.000100861204384962	6.31009833978512e-05	-2.29619190009951e-22	6.99865196247554e-22	0.000100861204384962	-7.28131005387956e-22	0.00127397500635827	0.00217876081543295	-6.54500692183814e-20	0.000147803942470891	6.55136964859482e-06	0.000745631035268264	7.59654872892783e-20	0.0819257211962132	0.0188711652177521	0.000242449248221569	0.0819257211962154	-7.95856513365083e-19
"GSM1684088"	0.547921638589557	0.0137410642516641	0.010252654543653	0.0991212917094751	5.25662266695907e-20	8.2043105198701e-05	0.0127828756646024	0.00087614548186296	0.00084724229435564	2.89031875073196e-05	0	3.42799070098792e-21	0	2.89031875073196e-05	-1.0332999686676e-21	5.44635519726519e-05	0.000663080606313911	1.50456461499421e-22	0.00012381553597771	5.88260009136716e-06	0.000793310601729571	0.00032217132746127	0.00626279902082364	0.00268246811141559	0.000191905482222879	0.00626279902082366	0
"GSM1684093"	0.739320985329571	-6.86869343164125e-18	0.128249214384661	0.132429800285768	-9.44585376355467e-36	-6.38690477677472e-20	-6.39778101790409e-18	-4.07043365969415e-19	-3.97040936911939e-19	-1.00024290574754e-20	1.10183970478569e-36	2.18349365883476e-37	-7.21085622141831e-21	-2.79157283605705e-21	-1.56347074826184e-36	-1.05409723749135e-21	-3.81051716457426e-19	-2.99088544858019e-36	-9.20112686079173e-21	-5.73399635622963e-21	0.000826662775288854	0.00615478057870637	0.0881241549767891	0.0331436160538767	-6.45638710277552e-20	0.0881241549767897	-1.23234072433899e-20
